-0.997466671344625,0.0656617045998928,-0.0273638466906549,-0.0667272157385153,-0.996967642631957,0.0400374602674107,-0.0246519418395157,0.0417619455235896,0.998823418662992
-0.997499906872237,0.0658843033205125,-0.0255576674571368,-0.0668166236234864,-0.997059445673178,0.0375233340929804,-0.0230103150225332,0.0391371993104615,0.998968870902741
-0.997415310129585,0.0660902214347109,-0.0281918738258729,-0.0671400407292945,-0.997016749075381,0.0380764624673376,-0.0255912885562984,0.0398708501774013,0.998877070142347
-0.997465419130532,0.0661859781693151,-0.0261180767385957,-0.067150490515752,-0.997020367127481,0.0379631289078908,-0.0235276276374418,0.0396207499519406,0.998937759277824
-0.997455101013949,0.0661838400477922,-0.0265145389886608,-0.0672372203968188,-0.996893005966805,0.0410303649481387,-0.0237166113634,0.0427087107156853,0.99880603140672
-0.997473039534727,0.0662061429809479,-0.0257736693728105,-0.0672168473786212,-0.996913968543924,0.0405516306760157,-0.0230093639597406,0.0421815831091144,0.998844974566412
-0.997484935047699,0.066109208936274,-0.0255612371904571,-0.0670478280523171,-0.997033656136308,0.0377952018771259,-0.0229868028736849,0.0394139699254699,0.99895853060493
-0.997385817929126,0.0682368487997985,-0.0237752530947925,-0.0690404320644401,-0.997006753673548,0.0347987337368508,-0.02132953197338,0.0363492172571328,0.999111498017409
-0.99746037380078,0.0659583980702684,-0.0268754985295425,-0.0670620833386524,-0.99684433009249,0.0424742103014828,-0.0239891574567978,0.0441686686063659,0.998736025703516
-0.997451962798542,0.0659565618664641,-0.0271903265168152,-0.0670815964346184,-0.996829954618575,0.0427796796962285,-0.024282531357309,0.0444946459912225,0.998714466276021
-0.997437660497498,0.0661839769113541,-0.0271623751073899,-0.0673443346581291,-0.996746051841281,0.044295019226465,-0.0241423696171505,0.0460107524282786,0.998649165948809
-0.997451494580961,0.0666209273457563,-0.0255375801084888,-0.0676812305965711,-0.996771880091663,0.0431864571765937,-0.0225780199118473,0.0448048111046511,0.998740587899949
-0.997488791296355,0.0668630558672615,-0.0233547211121695,-0.0678187464389979,-0.996776781457681,0.0428563365012493,-0.0204139381202807,0.0443326032052808,0.998808235560492
-0.9974555134164,0.06772206582086,-0.0222760085334272,-0.068577408106236,-0.996836252186345,0.0401824019256126,-0.019484297592086,0.0416077892711909,0.998944019462205
-0.997525908806993,0.0662241738997513,-0.0235885576090879,-0.0671249285887518,-0.996954618858134,0.0396954896605083,-0.0208879204502679,0.0411806596441589,0.99893335515966
-0.997386381158492,0.0685404706684266,-0.0228606771578851,-0.0692530431378655,-0.99708611413723,0.0319890139088964,-0.0206015216843667,0.0334885782807986,0.999226747254606
-0.997474571051971,0.066380673537887,-0.0252603698576057,-0.067461480878214,-0.996722011631817,0.044656243979347,-0.022213255106015,0.0462475697662168,0.998682999549063
-0.997443210788274,0.0671232546378358,-0.0245256995660374,-0.0681392977142825,-0.996737814959475,0.0432523333106526,-0.0215424548133131,0.0448129101558432,0.998763097898586
-0.997424046226795,0.0669456849522874,-0.0257594113837283,-0.0680466396563184,-0.996687224157673,0.0445447194665811,-0.0226919994722859,0.0461828157125821,0.998675232842393
-0.997433841545537,0.0673589827488422,-0.0242590020972331,-0.0682946320328476,-0.996860505821451,0.0400621413419009,-0.0214842960138405,0.0416160951609071,0.998902660747456
-0.997451191695393,0.0661841330090728,-0.0266604711750789,-0.0671758196570447,-0.997009685673273,0.0381981141823286,-0.0240526389164276,0.0398916935153093,0.998914472489831
-0.99733710128692,0.0688806939859663,-0.0239615607299665,-0.069604588972616,-0.997098582107146,0.0308158847653757,-0.021769418700493,0.0324016597712432,0.99923782196908
-0.997394521895199,0.0659797211263533,-0.029169231966838,-0.0672346153221592,-0.996750288600557,0.0443663011438575,-0.0261471642043229,0.0462118878081694,0.998589398716648
-0.997506907763596,0.0665812887271005,-0.0233859136094265,-0.0675433206676668,-0.996785466400642,0.0430886737512144,-0.0204418393764797,0.044560811975236,0.998797509627959
-0.997365756556413,0.0689968255447487,-0.0223827101442191,-0.0696686361161244,-0.997095571984507,0.0307685142736607,-0.0201947713622025,0.0322468354049967,0.999275894243422
-0.997420522004269,0.0679649567952745,-0.0230882423009606,-0.0688013917469422,-0.996921435379134,0.0376034596186391,-0.0204614461467211,0.0390949655252861,0.999025982090637
-0.997536739528436,0.0660954886007511,-0.0234912681140406,-0.0669508614862241,-0.997043366222643,0.0377108474801867,-0.0209292961475102,0.0391907164778783,0.999012538612364
-0.997487645606668,0.0660485554146942,-0.0256122078255435,-0.0670644167070384,-0.996902960273782,0.0410713015269047,-0.0228201856655783,0.0426857836404734,0.998827894585042
-0.9973901553784,0.0688012176647282,-0.0218922452503707,-0.0694265593709163,-0.997159155358589,0.029215950069457,-0.019819959842752,0.0306596042439407,0.999333356723089
-0.997354010706525,0.0689960026876662,-0.0229025968119724,-0.0696302178867341,-0.997175431358429,0.0281565596651294,-0.0208952167888758,0.0296767705159039,0.999341122543795
-0.997376063801515,0.0689743980243612,-0.0219890830407523,-0.0696702568951611,-0.997036334154766,0.0326282650379556,-0.0196733998068042,0.034074635616567,0.999225638455919
-0.997357706588757,0.068897507431172,-0.0230377641663762,-0.0696906373591268,-0.996932989695155,0.0356065881819533,-0.0205139019324125,0.0371180215966873,0.999100311430366
-0.99735757850517,0.0688338247310072,-0.0232328468166163,-0.0696375572578866,-0.99693094713316,0.0357672653041236,-0.0206995463104373,0.0372906318139284,0.999090054780579
-0.997323668324592,0.0688009556646529,-0.024737200714911,-0.0697068053144028,-0.996849607616483,0.0378394118311033,-0.0220558811304208,0.0394624922488984,0.998977602257962
-0.997356289938561,0.0687605384536995,-0.0235036012463248,-0.0696492418912272,-0.996795008217113,0.0393534585192131,-0.0207223073996656,0.0408864273934937,0.99894889060003
-0.997374741803715,0.0686109488528895,-0.0231551745724116,-0.0695565828142893,-0.996656916009601,0.0428587629012982,-0.0201371844896844,0.0443568424004342,0.998812777417816
-0.997372160074754,0.0684327263277711,-0.0237852112701696,-0.0694686444382433,-0.996529296014086,0.0458635980444582,-0.0205640887892249,0.0473954022350176,0.998664505276546
-0.997357866665275,0.0682711042178307,-0.0248262387358318,-0.0694199553366171,-0.996392860686445,0.0488071406061041,-0.0214045696511864,0.0504016220171538,0.998499634900327
-0.997324497239459,0.0681110191158851,-0.0265468695151703,-0.0693951900780286,-0.996289934307026,0.0508986678856721,-0.0229816187439921,0.0526047134152179,0.998350934955444
-0.997371784317085,0.0681617235024367,-0.0245663041040372,-0.0693629841100665,-0.996239967390552,0.0519105365895824,-0.0209356223576299,0.0534780966644205,0.998349534428524
-0.997390764535418,0.0681992704044954,-0.0236753529170907,-0.0693815324822158,-0.996163014649052,0.0533427707916654,-0.0199465728854233,0.0548462192097819,0.998295560677558
-0.997400309127468,0.0682582719997105,-0.0230961394186156,-0.0693521901679785,-0.996315995475702,0.0504451273976535,-0.0195677559095343,0.0519157535135001,0.998459742536368
-0.997348289712812,0.06860924500703,-0.0242726287512297,-0.0697461286277694,-0.99633153154326,0.0495878694248877,-0.0207813990955449,0.0511492986484312,0.998474778198932
-0.997327352110145,0.0689329595815866,-0.0242156935950639,-0.0700042451983173,-0.996457821667117,0.0465963012763764,-0.0209178963373597,0.048166967122171,0.998620240577504
-0.997298331773994,0.0692784475078063,-0.02442404863482,-0.0702970804053934,-0.996570237741883,0.0436586959672978,-0.0213156732777921,0.0452576839663213,0.99874790819041
-0.997260909669776,0.0696044858410625,-0.0250178655247179,-0.0705919574381486,-0.99666101917693,0.0410315536904743,-0.0220783511536113,0.0426852246568408,0.998844591518787
-0.997212558506467,0.070184175390909,-0.0253237967470257,-0.0710542788920046,-0.996848622524637,0.0352719891963967,-0.0227684564282203,0.0369730347068187,0.999056851283472
-0.997230227133889,0.0698949988558635,-0.0254276075443639,-0.0708360796384282,-0.996755791271315,0.0382118095430299,-0.0226743006937283,0.0399071635428199,0.998946091831795
-0.99721086966813,0.0704329141820326,-0.0246918208230704,-0.0712193696778533,-0.996928902248083,0.0325663207182208,-0.0223222489552789,0.0342340249205258,0.999164525360723
-0.997177375736271,0.070606414557489,-0.0255345950244148,-0.0713621163698888,-0.996999080813461,0.0300046863727004,-0.0233394444435873,0.0317421971585093,0.999223550189153
-0.997189560010217,0.0707805362665019,-0.0245580351912843,-0.071551491125103,-0.996920912819607,0.032079240961982,-0.0222118329816395,0.0337462482173797,0.99918357933207
-0.997213790622201,0.0708159947896227,-0.0234467625666478,-0.0714881419962425,-0.997014244147145,0.0291897674129594,-0.0213096538410573,0.0307846041009745,0.999298857601429
-0.997181780252709,0.0706856539389537,-0.0251403154168843,-0.0714570140713445,-0.996954505403603,0.0312347450039944,-0.0228559023459066,0.0329431705013249,0.999195854297482
-0.997217567328826,0.0706271204920325,-0.023852321936927,-0.0713017721136151,-0.99704098166904,0.0287286993422261,-0.0217527171690569,0.0303494764937033,0.999302621117508
-0.997230816834456,0.0705376587326841,-0.0235613381664524,-0.0712655464451577,-0.996955704735318,0.0316313876644451,-0.0212584064679267,0.0332229061976331,0.999221856575519
-0.997197246561259,0.0703630678547317,-0.0254301028844557,-0.0711299616120305,-0.996996742305177,0.0306271839047676,-0.0231987071129972,0.0323501857017206,0.999207328572679
-0.997219660923158,0.0702325979198638,-0.0249064260328116,-0.0710415602763459,-0.996919480145069,0.0332362275354585,-0.022495434688031,0.0349132109195532,0.999137139296445
-0.997224907034317,0.0699162188535906,-0.0255774731280212,-0.0708205007502298,-0.996826715022138,0.0363449706515285,-0.0229552055944727,0.0380555194339874,0.999011929847049
-0.99719788836164,0.0694421173249212,-0.0278237989591151,-0.0704088586002614,-0.99688923745156,0.0354180869592875,-0.0252777387773065,0.0372778834522449,0.998985182736775
-0.997250133956356,0.0691897734636756,-0.0265508111377849,-0.0701557156955043,-0.996836217178818,0.0373594924467047,-0.0238819153185133,0.0391194500046851,0.998949109190278
-0.997299978695917,0.0689924453420007,-0.0251554164913541,-0.0699407223367415,-0.996788588027459,0.0389975145007815,-0.0223840981979903,0.04065160838091,0.998922619067117
-0.997385235458875,0.0688142585872755,-0.0220746439094408,-0.0696681329805872,-0.996744626966599,0.0405770854080763,-0.0192105006609465,0.0420088851113511,0.998932535377668
-0.99735119144795,0.0688669448647012,-0.0234082212557101,-0.0697676258996973,-0.99675590797691,0.0401265284998028,-0.020568891406052,0.0416533770314941,0.99892037564973
-0.997399770260424,0.0685073767276267,-0.0223704630786155,-0.0693470667806423,-0.996821807635985,0.0392080113018849,-0.01961332744268,0.0406573874618949,0.998980627555609
-0.997351380721261,0.0685897935589243,-0.024200487452504,-0.0695580584981517,-0.996704380787773,0.0417379182091107,-0.021257936667568,0.0433107092761926,0.998835463222362
-0.997369792671915,0.0683127733824467,-0.0242252277260575,-0.069266090294916,-0.996756204376095,0.0409789918496783,-0.0213472574547035,0.0425491954161058,0.998866287632436
-0.997419419079174,0.0682497332325779,-0.0222817494251454,-0.0691723009059318,-0.996648986751001,0.0436576453279638,-0.0192274603404147,0.0450862631173291,0.998798044474944
-0.997418145564305,0.06830387078533,-0.022172598738183,-0.0691665355030649,-0.996770386640423,0.0408017975486976,-0.019314069109506,0.0422300550845319,0.998921212699976
-0.997451937872747,0.0683418118407381,-0.0204701829065512,-0.0691528547680211,-0.996723617638909,0.041951313665222,-0.0175360859753674,0.0432599906972946,0.998909935326271
-0.997480783721442,0.0683959781707877,-0.0188169146386841,-0.0691052514736227,-0.996804924097839,0.0400550560237771,-0.0160171884307371,0.0412544962926673,0.999020278177782
-0.997449507671255,0.0683970597335267,-0.0204039669226346,-0.0691313093459678,-0.996892678606116,0.0377604212057456,-0.0177578634549231,0.0390746664903437,0.999078489771542
-0.997425199665543,0.0685777814494589,-0.020977582406493,-0.0693878241595931,-0.996759518027746,0.0406914374223108,-0.0181190764264715,0.0420422538949414,0.998951524327825
-0.997399805271034,0.0688139289938653,-0.0214072796433802,-0.0696993836227758,-0.996605690794284,0.0438074536928784,-0.0183200537091934,0.0451856199788807,0.998810610365757
-0.997362049803956,0.0689330014366294,-0.0227416561355759,-0.0698980351370163,-0.996548109261057,0.044789849432625,-0.0195756556680876,0.0462612931201718,0.998737546337382
-0.997345116553771,0.0692128816686169,-0.0226339456894248,-0.0701179951513261,-0.996654329278531,0.0419954126818723,-0.019651596431445,0.043470966650032,0.998861396699366
-0.99732013657253,0.0697136699939031,-0.02219345405589,-0.0705266963680788,-0.996776533922359,0.0382429930985285,-0.0194558548091449,0.0397057380955253,0.999021983780104
-0.997278780806265,0.069907571718552,-0.0234086473335016,-0.0707266575945559,-0.996838248778763,0.0362111264280819,-0.0208032030964266,0.0377682034005273,0.999069962291343
-0.997213475303554,0.0701048188519672,-0.0255068431355372,-0.07100106106427,-0.996822239305609,0.036114713808907,-0.0228939730225189,0.0378250921939964,0.999022086042025
-0.997159220909239,0.0703619772862708,-0.0268827139263304,-0.0713668379234708,-0.996708673581532,0.0384524960457512,-0.0240886404864129,0.0402617952867202,0.998898756251006
-0.997178595611567,0.0707674253765955,-0.0250363727346871,-0.0716594837780549,-0.99675247682766,0.0367344296619448,-0.0223554655242264,0.0384248805267326,0.999011392186146
-0.997191608821062,0.0711475559415564,-0.0233863331970781,-0.0719325118705752,-0.996807869834838,0.0346379036796768,-0.0208472787876791,0.036222864586834,0.999126265818426
-0.997124647048357,0.0713475316796649,-0.0255336635034687,-0.0721929024180127,-0.996815173754909,0.0338776358743377,-0.0230352575230331,0.035623574991712,0.999099763695126
-0.997135217942658,0.0715567534454778,-0.0245150601628908,-0.0722907799773992,-0.996917392572959,0.0304918926239626,-0.0222575890137793,0.0321767528174473,0.999234335033289
-0.997082841500745,0.0715442910237871,-0.0265936384630484,-0.0723407986659629,-0.996919521958319,0.030303062333144,-0.0243437062332401,0.0321384685431562,0.999186920854417
-0.997050274009328,0.0713225549160134,-0.0283521473291973,-0.0722091987361403,-0.996889260440294,0.0315853452836579,-0.0260112036593629,0.0335394630108406,0.999098854821251
-0.997075391689537,0.0710628210002145,-0.0281200775007489,-0.0718674665159998,-0.997000619184007,0.0287198990819843,-0.0259948176321415,0.0306568233546658,0.999191887796369
-0.99713732816649,0.0706711238750795,-0.0268838432376364,-0.0713747335511443,-0.997105945258249,0.0261797887912872,-0.0249558848269454,0.0280236717952241,0.999295690790077
-0.997231134581585,0.0701498607994687,-0.0246791663339871,-0.0707865113135748,-0.997154017251467,0.025944858745299,-0.0227889016229076,0.0276199730100437,0.999358695891393
-0.997302940673778,0.0694688523245848,-0.0236838147294511,-0.0701293320898966,-0.997136371945293,0.0283007513045896,-0.021649972380096,0.0298853526076617,0.999318840208398
-0.997375086560154,0.068653783933121,-0.0230129237775099,-0.0693497929974964,-0.997112209615169,0.0309491138412551,-0.0208216935029191,0.0324638165966192,0.999256002079373
-0.997402037583784,0.0677055215180037,-0.0245995483635446,-0.0685094303247865,-0.9970893574613,0.0334555106669216,-0.0222628250742898,0.0350538955522269,0.999137423494048
-0.997415277495688,0.0668829023008218,-0.0262572199217552,-0.0678018761136345,-0.997055397451485,0.0358251309604515,-0.0237838141111145,0.0375128217104613,0.999013072183566
-0.997420594811595,0.0662225853970496,-0.0276898217584402,-0.0672606502207821,-0.996995901778958,0.0384080299916578,-0.0250631597680996,0.040171395535791,0.998878419530198
-0.997402857119202,0.0660297211168268,-0.0287683252846939,-0.0671766028580624,-0.996901945107922,0.0409122948328684,-0.0259777720157449,0.0427385981201475,0.998748500670625
-0.997404912415542,0.0660072097932003,-0.0287487207482774,-0.0672296808532645,-0.996772877609422,0.0438634298089091,-0.025760642494204,0.0456823676876465,0.998623808338624
-0.997427639620874,0.0662028324355201,-0.0274825162211625,-0.0674119830975255,-0.996678585399728,0.0456883129526183,-0.0243665396638694,0.0474234370655681,0.998577633117074
-0.997457843222537,0.0666265648326489,-0.025273540560127,-0.0676801828565783,-0.996761927846332,0.0434171860507384,-0.0222989650509538,0.0450173306035038,0.99873730084692
-0.997436015517899,0.0666684707784198,-0.0260136493373146,-0.0676936317544623,-0.996873669560639,0.0407487319630617,-0.0232156664274154,0.0424052112454728,0.998830731851778
-0.997396227020006,0.0665800209929106,-0.0277104155659919,-0.0676276165666739,-0.99695741579811,0.0387610185968602,-0.0250453948614775,0.0405340830627608,0.99886421314736
-0.997338450946952,0.066323547694998,-0.0302853311668216,-0.0674512468156118,-0.997003606687432,0.0378700086515903,-0.0276829110780304,0.0398119991133506,0.99882363866743
-0.997321062300302,0.0661519702862987,-0.0312188327686753,-0.0672206169365741,-0.997140749746265,0.0345212087581533,-0.0288459243371436,0.036527277789322,0.998916248054079
-0.997337538057524,0.0664719895853644,-0.0299884941589113,-0.0675249212114751,-0.997082893183128,0.0355821463229418,-0.027535798458369,0.0375123809178567,0.998916713786056
-0.997349594307156,0.0665495776505242,-0.0294098699399999,-0.0676553317820495,-0.996971256521776,0.0383545271233032,-0.0267683174071822,0.0402426065747268,0.998831311983791
-0.997304080324901,0.0660399101291493,-0.0319890862238461,-0.0672248427367154,-0.997032810434178,0.037501939106519,-0.0294175438527189,0.0395512981817166,0.998784412636588
-0.997314393861454,0.0658446677456702,-0.0320699162179118,-0.0669639241084872,-0.997135182050684,0.035174729348523,-0.0296619733793001,0.0372277913152446,0.998866487018678
-0.997296453122143,0.0661152248016834,-0.0320711964138447,-0.0671800154683718,-0.997183551092851,0.0333438292870041,-0.0297763347586947,0.0354082261526107,0.998929240441516
-0.997269358963184,0.0668423307547609,-0.0313994982831073,-0.0678308327368008,-0.997197940039681,0.0315475278088329,-0.0292028047179008,0.0335912369508491,0.999008921379944
-0.997182619031542,0.0687306755294099,-0.0300486030068938,-0.069775588372697,-0.996940423253754,0.0352300972162898,-0.0275352786192341,0.0372274995654592,0.99892738560291
-0.99705822328326,0.0708264150605047,-0.029300483151403,-0.0718959136150812,-0.996717542034047,0.0372171869847837,-0.0265683456143077,0.0392142873361826,0.998877551394581
-0.996900037935639,0.0732729822943064,-0.0286598051217877,-0.0743492595276375,-0.996489297173522,0.0384872475803699,-0.0257391136524272,0.0404987738619203,0.998848010131706
-0.996689393417938,0.0764233298706337,-0.0277439669057592,-0.0774558556494945,-0.996260877944724,0.0382734046357576,-0.0247152477994503,0.0402956291462494,0.998882084531463
-0.996505622293318,0.0789886593441712,-0.0271539395450558,-0.0799597320708635,-0.996120110469514,0.0367582203780063,-0.024145102711767,0.0388009950028712,0.998955202600109
-0.996350141368825,0.0811509135301108,-0.0264749887167312,-0.0820594287433707,-0.996003773756855,0.0352524157529134,-0.023508422929542,0.0372962718690901,0.999027698392808
-0.996273803270751,0.0823239700462107,-0.0257152264672974,-0.0831631552662818,-0.995973610867098,0.0334732141048767,-0.0228560390835792,0.0354870456953691,0.999108738358956
-0.996237282504612,0.0830282725059423,-0.0248512155136416,-0.0838065880462172,-0.995964474906871,0.0321126224954038,-0.0220846722384125,0.0340744873499171,0.999175258182448
-0.996230730298891,0.0835141512731764,-0.0234460773959947,-0.0842222414206563,-0.995963450364546,0.0310390010797695,-0.0207592403092846,0.0328966879042597,0.999243144518245
-0.996229032568761,0.0839416682944853,-0.0219433587002853,-0.0845849339174317,-0.995957164123979,0.0302442752319241,-0.0193158903831661,0.0319863026006331,0.999301642560767
-0.996228035048978,0.0843866223929734,-0.0202138601844756,-0.0849589988777373,-0.995951701716254,0.0293628397501061,-0.0176541975786053,0.0309694334724337,0.999364409761651
-0.996237713728705,0.0846066070533568,-0.0187653880194636,-0.0851505593493505,-0.995904876792839,0.0303785882281172,-0.0161183121664413,0.03186217856895,0.99936229746261
-0.996245733241827,0.0848545506775211,-0.0171506334218274,-0.0853657803145246,-0.995846109759631,0.0316734783044305,-0.0143917528031237,0.0330186448226592,0.99935111274533
-0.996242937380841,0.0851979965771778,-0.0155341912576099,-0.085665618146244,-0.99579558273775,0.0324431698144065,-0.0127047859649305,0.0336520248903349,0.999352855419128
-0.996230694346836,0.0855934262255625,-0.0140772521533736,-0.0860150305040928,-0.995756393603325,0.0327203167081206,-0.0112168698218542,0.0338078391067655,0.999365404567484
-0.996202444659143,0.0861734041616319,-0.0124432178451591,-0.0865393969958494,-0.995711608474213,0.0327005430733215,-0.00957193934063624,0.0336531895203325,0.999387732970726
-0.996185534829942,0.0865688923924607,-0.0109638982813733,-0.0868885109082706,-0.995666786267724,0.0331366473175312,-0.00804778651090269,0.0339628855259043,0.999390692141481
-0.99616878958156,0.086901351753047,-0.00979273848838613,-0.0871821940689957,-0.995635675901704,0.0332996382723994,-0.00685621622505386,0.0340258127786814,0.999397436640612
-0.99610223245024,0.0877985745368988,-0.00847070344995421,-0.0880229247410888,-0.995625996402232,0.0313183653482717,-0.00568394472818447,0.0319419097323849,0.999473565020594
-0.996031031338516,0.0885838963326235,-0.008664751656201,-0.0887984165235542,-0.995636152351329,0.0286965739061313,-0.00608488567205753,0.0293520943302465,0.99955061338823
-0.995974807428431,0.0893497136734861,-0.00712822799613804,-0.0895204236912617,-0.995561891971612,0.0290277969546591,-0.0045029668037691,0.0295490764723704,0.999553187864255
-0.995915080529916,0.0901307045315094,-0.00544136690044877,-0.0902535752102704,-0.995472092355177,0.0298262552756714,-0.00272846749212884,0.0301955202415723,0.999540287343379
-0.995855209973724,0.0908544101904691,-0.00422811034995626,-0.0909368220035498,-0.995474164377175,0.0275985952805469,-0.00170152052121759,0.0278686958163942,0.999610144316978
-0.995817288622659,0.0913264202825043,-0.0027226161315768,-0.0913662046942539,-0.995490362497357,0.0255177352962252,-0.000379894701443628,0.0256597570772592,0.999670662041631
-0.995789822802612,0.0916623728333736,-0.000798880027961859,-0.091655118459334,-0.995502007393689,0.0239810870341713,0.00140287666917304,0.0239533438519691,0.999712093182512
-0.995768711902061,0.0918901846654219,0.00093078411308609,-0.0918459668689549,-0.995517930993047,0.0225470051499113,0.00299846074133826,0.0223661135085636,0.999745350676713
-0.995750132892565,0.0920536790845399,0.00279159657514907,-0.091972409971762,-0.99552676330975,0.02162265797722,0.0047695543213145,0.021274014689622,0.999762305575961
-0.995751869653717,0.0920591021721739,0.00182641407661866,-0.0920031524261813,-0.995550586981074,0.0203580132941225,0.0036924280319143,0.0201034939473733,0.999791085930624
-0.99576915178874,0.0918895292949169,-0.000332794066923908,-0.0918777041787029,-0.995568386724817,0.0200518036344721,0.00151123154516686,0.0199975438517658,0.999798886986335
-0.995788730757367,0.0916759740718791,0.000565220844848894,-0.0916394803285913,-0.995532542960627,0.0227411862367189,0.00264751614480814,0.0225936204340862,0.999741226004982
-0.995800757623954,0.0915055538139555,0.00275404007965525,-0.091409458923356,-0.995503120548363,0.0248565443658476,0.00501616735151019,0.02450042039789,0.999687234821686
-0.995781192783436,0.0916552797393699,0.00437330477968462,-0.0915082414668596,-0.995450396299106,0.0265471326435632,0.00678659284479788,0.0260349419789998,0.999637996453571
-0.995752798176768,0.0919787056161709,0.00403517487992103,-0.0918213537971113,-0.995340476147523,0.0294308601520176,0.0067233853082723,0.0289353461288381,0.999558673532675
-0.99572060039997,0.0923848612042442,0.0023501828430534,-0.0922806489930233,-0.995323673737933,0.0285493663371173,0.00497672186782754,0.028210315792224,0.999589620955696
-0.995682945674883,0.092775847325139,0.00284848122505361,-0.09267496441914,-0.995375887160504,0.0252625063948505,0.00517905996278684,0.024889463886175,0.999676793731534
-0.995681905803387,0.0928181231326049,0.00152920694348112,-0.0927573952569007,-0.995415058002258,0.0233436913858283,0.00368891323976215,0.0231010458746415,0.999726329351492
-0.995678480653454,0.0928137213732248,0.00315852631507456,-0.092707852677668,-0.995385410629324,0.024761630765915,0.00544217011176833,0.0243618027072115,0.999688394127555
-0.995663522398027,0.092909985318344,0.00467811864946342,-0.0927574768566174,-0.995345478257117,0.0261424826729422,0.00708524192582186,0.0255951859000107,0.999647280697345
-0.995623494253675,0.0932265030495183,0.00653274974732015,-0.0930418747763339,-0.995362750725334,0.0244172890919846,0.00877879423428785,0.0237026074020286,0.999680508549675
-0.995577921517597,0.0938685740361107,0.0036459559963601,-0.0937700390809161,-0.995363929804959,0.021396892624694,0.00563754888791696,0.020960392449962,0.999764412244645
-0.995566648102155,0.0940244694138812,0.00253935780793732,-0.0939594682476291,-0.995393389573614,0.0190687786649922,0.00432059177212959,0.0187456433495839,0.99981494954924
-0.995545025980472,0.0941784996589346,0.00452895656122978,-0.0940811725191473,-0.995396297646321,0.0183014646796387,0.00623171107833863,0.0177938425864027,0.999822256675179
-0.995496234149497,0.0947907794255369,0.00139854569810841,-0.0947494206498718,-0.99533235157173,0.0183318630041834,0.00312970936096768,0.0181167891909608,0.999830979150339
-0.995533436619631,0.0943639650590639,0.00293575725126272,-0.0942855798257907,-0.995338135220977,0.0203033497665361,0.00483797573588473,0.0199358639933069,0.999789555515369
-0.995449337121704,0.0952922579071159,5.29804026095995e-05,-0.0952789605889228,-0.995319414882117,0.0161611270589201,0.00159276271109408,0.0160825353002495,0.999869399054328
-0.995416846199916,0.09562842468354,0.000711824386458924,-0.0956106176316271,-0.995330298108345,0.0132743159391425,0.00197790230078684,0.013145419738368,0.999911639017363
-0.995391926497254,0.0958777850374053,0.00153720538826521,-0.095843212494192,-0.995278581914104,0.0153174084571621,0.00299854679432927,0.0150994940104452,0.999881499977748
-0.995369251952384,0.0961029185414946,0.00206913401138095,-0.0960527246498976,-0.995224087111384,0.0174037501890614,0.00373180319432376,0.0171244118473934,0.999846402285771
-0.995378948103283,0.0960242887498829,-0.000292648050254234,-0.0960153887914814,-0.995234928381648,0.0169847709550619,0.00133969698920371,0.016934382163349,0.999855705545917
-0.995384039398593,0.0959393329991065,-0.00250169826860125,-0.0959680446378414,-0.995240362680893,0.0169338388794292,-0.000865169884953986,0.0170957560374427,0.99985348256961
-0.99537958687529,0.095968037032013,-0.00310062900058186,-0.0960094890056464,-0.995203908047366,0.0187445839677923,-0.00128687717041328,0.0189556660519521,0.999819497045179
-0.9953537336023,0.0962312111461799,-0.00324021686029123,-0.0962788150470582,-0.995122147473569,0.0215011948674007,-0.001155325537113,0.0217132588279821,0.999763571857853
-0.995341976389952,0.0963790581984623,-0.00232963021117889,-0.0964072066828872,-0.995057105758135,0.0238119041625399,-2.31461983247385e-05,0.0239255808920144,0.99971374204981
-0.995342236057667,0.0964000482311468,-0.000929419580484602,-0.0963930964097844,-0.995029484280839,0.0249939267891707,0.0014846158621118,0.0249671006094216,0.99968717097045
-0.99534159803919,0.0964109535484741,0.000176772920255371,-0.0963713060248145,-0.994981619542555,0.0269100008834279,0.00277030465164863,0.0267676074453523,0.999637844723672
-0.995283064584765,0.0970061442640562,0.00119554413535249,-0.0969317728894295,-0.994874748878769,0.0287830757202633,0.00398155186711541,0.0285314215984316,0.999584966486743
-0.995203434094495,0.0978237622243413,-0.000797690916908249,-0.0978041203813139,-0.994761052274101,0.0297456369062963,0.00211631825604007,0.0296809774569386,0.999557182343381
-0.995076550307803,0.099056046393533,-0.00324941539416379,-0.0991090030387846,-0.994622362258365,0.0300626348187907,-0.000254055465979813,0.0302366692688201,0.999542735098079
-0.99490113431409,0.100785162443372,-0.00375286181460151,-0.100849111245315,-0.994556398932453,0.0262111827955375,-0.00109073441614004,0.0264560082736232,0.999649383496364
-0.994770954637134,0.101996888051404,-0.00523284226340082,-0.102096024903089,-0.994465242423909,0.0248049049533122,-0.00267385663639013,0.0252094513741278,0.999678615382015
-0.994545921143764,0.103987784962592,-0.00805923785953306,-0.104157525259667,-0.994253588229352,0.0247186614694324,-0.00544248730678802,0.0254232742114853,0.999661961094991
-0.99430238859458,0.106161315685154,-0.00961951594990994,-0.106386338921087,-0.993955993378715,0.0270819149525959,-0.00668632380917389,0.0279509978091852,0.999586932085144
-0.994062612399484,0.108194176848912,-0.0115560687735378,-0.108460485050355,-0.993769806560599,0.0256494590810616,-0.00870895011778404,0.0267505451252069,0.999604202934017
-0.993795937856477,0.110442948709132,-0.0131144569234559,-0.11072335135095,-0.993584399308948,0.0230300003363274,-0.0104868186586386,0.0243391974047882,0.999648753364956
-0.993539974409203,0.112539213594273,-0.0146028988404072,-0.11282143257224,-0.993409840718778,0.0202042746823645,-0.0122328902270852,0.0217212745177549,0.999689223023844
-0.993319541036426,0.114560968531115,-0.013859072277675,-0.114843878770941,-0.993146317567341,0.0217088786277582,-0.011277096436152,0.0231554829714752,0.999668270329877
-0.993085337780108,0.116691943197039,-0.0128258441854104,-0.116964469183528,-0.992867887328636,0.0230796720120903,-0.0100411570441334,0.0244202519329578,0.999651352452817
-0.992822993338746,0.118784267607507,-0.0138853039880667,-0.119050025124271,-0.99268271004784,0.0202021951774024,-0.0113839982345004,0.0217102496766798,0.999699489668357
-0.992572356351076,0.121044331334805,-0.0121814309250552,-0.121258016352946,-0.992445360642665,0.0186735001807151,-0.00982908326450492,0.0200118962260073,0.999751425671211
-0.992315666693881,0.123292990829817,-0.0104142232603579,-0.123474499124477,-0.992164128638585,0.01908899968035,-0.00797907888402078,0.0202282044451689,0.999763549068022
-0.992093577090482,0.125195298352704,-0.00874480223846117,-0.125341223161354,-0.991935096099239,0.0188239980612107,-0.00631760019531272,0.0197712517805635,0.999784569560264
-0.991925533712461,0.126512030540086,-0.00885673178289794,-0.126644678530709,-0.991811048696994,0.0164914851490933,-0.00669783316479032,0.0174799831577033,0.999824779258698
-0.991570489063725,0.129403151821755,-0.00654136962120714,-0.129482359248108,-0.991487901197526,0.0136403967122681,-0.00472057851002127,0.0143724068102747,0.999885568483219
-0.991441783515365,0.130463743007483,-0.00473303922964719,-0.130518131180795,-0.99134699120748,0.0140057294329694,-0.00286484431420246,0.0145036128035156,0.999890712969523
-0.991328935535978,0.131371980872393,-0.00288863475858545,-0.131397723651347,-0.991254308085513,0.0122284472094799,-0.00125689631603036,0.0125019735871699,0.999921057318065
-0.99122245708818,0.132193232873517,-0.00172908834944085,-0.132204539919106,-0.991136310676263,0.0130680252457527,1.37422570106911e-05,0.0131819134231026,0.999913114710301
-0.991147127612239,0.132764907625228,-0.000922349864254232,-0.132764172455105,-0.991040291707439,0.0145881707127784,0.00102271125857623,0.0145814785155291,0.999893161565766
-0.991084961877126,0.133231156625138,-0.000239259991476195,-0.133217724049805,-0.990956139894018,0.0160924455983774,0.00190691898241469,0.0159808545038981,0.999870479586891
-0.990987449868881,0.133954681303888,0.000132510927387702,-0.133932312873402,-0.990839103770604,0.0173206814948742,0.00245148337814464,0.0171468304896105,0.999849976963248
-0.990873433573312,0.134778414209181,-0.00214888387142941,-0.134795304575228,-0.990715719483134,0.0176801875976239,0.000253974616559877,0.0178084876470239,0.999841384052801
-0.990767418027597,0.135509205482719,-0.00414470799578614,-0.135563146874785,-0.990595990484291,0.0184991039202275,-0.00159893224798157,0.0188901790856538,0.999820286126351
-0.990701209082691,0.136033538250925,-0.00244760965586667,-0.136055538719911,-0.990531688462556,0.0183266073006631,6.85983101216831e-05,0.0184892028614555,0.999829057725279
-0.990726788086242,0.135862711386301,-0.00132477284150929,-0.135864285510523,-0.99056140123258,0.0181385311109701,0.00115208117510093,0.0181503179837491,0.999834605655383
-0.990745270415745,0.135733609677088,0.000443117207139982,-0.135705041521844,-0.990594007519506,0.0175400676167514,0.00281972594162374,0.017317605795075,0.999846062989269
-0.99067534733226,0.136224558468313,0.00228601360877284,-0.136170267114148,-0.990552685020668,0.0162184016600591,0.00447376152336732,0.01575588361402,0.99986585979789
-0.990575972776568,0.136923393635351,0.00335058698364006,-0.136850089051966,-0.990452340891943,0.0166196735268853,0.00559421882172118,0.0160045211440359,0.99985626968016
-0.990440020667464,0.137871851980685,0.00446294652093476,-0.137779157331398,-0.990319610502055,0.0168514942989528,0.00674309018794241,0.0160754933508629,0.999848043078669
-0.990220020778043,0.139388771026186,0.00592291838048523,-0.139277086504419,-0.990119272179411,0.0163009212547357,0.00813656101635638,0.0153165717679281,0.999849588190196
-0.989984670468804,0.140968845706778,0.00762474765952284,-0.140853472253788,-0.989931504968254,0.0139969577172303,0.00952111289839936,0.0127828013903552,0.999872966130093
-0.989812731450719,0.1420559806142,0.0095317904826709,-0.141945509112963,-0.989808693193846,0.011411543302844,0.0110557270556572,0.00994229599383527,0.999889454714691
-0.989695801395161,0.142775873645419,0.0108291553492546,-0.142701144340711,-0.989738239920656,0.00738917063097253,0.0117730244475509,0.00576769828868382,0.999914061083155
-0.989859886979841,0.141295727630172,0.014591829964641,-0.141285792324595,-0.989967365444293,0.00171471353190754,0.014687717163275,-0.000364292115123324,0.999892063302728
-0.989738491879949,0.14235299843626,0.0123831146086179,-0.14231975354816,-0.989814439817929,0.00353022349296169,0.0127595235489036,0.00173163625666592,0.999917094560684
-0.990012497815701,0.14004494814324,0.0162069944244738,-0.140047644221094,-0.990144286697322,0.000974098954340007,0.0161836805714749,-0.00130538125014624,0.999868183543687
-0.990408550147882,0.137219959683615,0.0161736346687072,-0.137190552318729,-0.990540373048318,0.00291919779762327,0.0164212103223869,0.00067232858513774,0.999864936791876
-0.99067400637874,0.135359287825828,0.01558448859539,-0.13530908534637,-0.990794378889007,0.00423676582736946,0.0160145093032499,0.00208853087885544,0.999869578260357
-0.99093364362004,0.13342571169573,0.0157509809344995,-0.133352359610876,-0.9910527349921,0.00562357989979719,0.0163603828843526,0.00347216404649287,0.999860131192714
-0.991322508537398,0.130346968345143,0.017010347155493,-0.130247730844829,-0.991458013907937,0.00682167629713084,0.0177542298310326,0.00454692214141611,0.99983204230618
-0.991650820994867,0.127716230500041,0.0178104937344692,-0.127592730465684,-0.991795096953843,0.00791080214823142,0.0186746981907775,0.00557226391849866,0.999810084727248
-0.99198339365077,0.125112018029251,0.0177744104192023,-0.124961113669326,-0.992117436968113,0.00936543295020871,0.0188060307248366,0.00706924384015756,0.999798159130084
-0.992251239709718,0.123027083029003,0.0173727987354751,-0.122855080701639,-0.992367504666863,0.0106472920058792,0.0185501062078444,0.00843045210172466,0.999792388967349
-0.992440085834117,0.121512780971088,0.0172429721986358,-0.121325800928008,-0.992546022410435,0.0115084067707594,0.0185128619815513,0.00932938679100759,0.999785095149631
-0.992722877585964,0.119181556240698,0.0172349925874483,-0.118969970044273,-0.99281502809452,0.0128244382856105,0.0186395961627083,0.0106806667264728,0.999769217776367
-0.993247922208997,0.114716976336022,0.0172794782279603,-0.114454745105951,-0.99330797155738,0.0154720704269129,0.0189387526052186,0.0133898835276574,0.999730981148866
-0.993017343153775,0.11668013203738,0.0173868623839074,-0.116439216039145,-0.993095135220144,0.0142815044821198,0.0189331762788669,0.0121572690117105,0.999746835777023
-0.993453069557769,0.112935917945079,0.0172185081858944,-0.112653788515422,-0.993496273674031,0.0165613444181873,0.0189768943551846,0.0145131882685268,0.999714581691652
-0.993921004901901,0.108723172444009,0.017329390886735,-0.108389687259998,-0.993924089559318,0.0191462761225238,0.0193057429402455,0.0171515587452086,0.999666500550126
-0.993719919611549,0.110547884428566,0.0173172346402199,-0.110236741969305,-0.99374239064311,0.0179978265051609,0.0191984917951577,0.0159758031812352,0.999688047155464
-0.99408442764862,0.107248523763203,0.0171436535525132,-0.106892808519588,-0.994059767557959,0.0204720787760179,0.0192374164925974,0.0185184414363202,0.999643430996003
-0.994252277352998,0.105744363850875,0.0167492833324801,-0.105369510136202,-0.994192524898577,0.0218744090080176,0.0189651077517267,0.0199838171920964,0.999620413826368
-0.994476322265111,0.103641935453888,0.016588962277091,-0.103240932156311,-0.994380177508987,0.0234386967362073,0.0189249671480409,0.0215965689999181,0.999587631889209
-0.994729052644794,0.101270814094058,0.016072773162001,-0.100850073760899,-0.994584281696652,0.0251270615945424,0.018530365533673,0.0233736778167567,0.999555049378726
-0.995270962821231,0.0953291198358732,0.0186566201713486,-0.0947142874520703,-0.995007490990084,0.0314530861135052,0.0215618718423712,0.0295372948140943,0.999331093230726
-0.995317653089302,0.0946635881594279,0.01953393267077,-0.0939877699978823,-0.995025619861006,0.0330199168843013,0.0225625472770503,0.0310293554074721,0.999263784274887
-0.995398854009075,0.0937400159829374,0.019847691073223,-0.0930206796620965,-0.995066121981969,0.0345045799708696,0.0229842248644821,0.0324995736477135,0.999207437482376
-0.995596763370297,0.0916543405697757,0.0196612975489388,-0.0909145176754775,-0.995218604684627,0.0356998510559879,0.02283933541992,0.0337551587806073,0.999169131835683
-0.995896620605328,0.0884365443537631,0.0192067355282271,-0.0876828082153074,-0.995458622914567,0.0370655528558666,0.022397459908748,0.0352293583222621,0.999128243070847
-0.996303100189056,0.0837586790704569,0.0190949269191514,-0.0829883379043667,-0.995822492639578,0.0380854161716608,0.022205141871787,0.0363599619563904,0.999092030215927
-0.996735683163623,0.0781942070896275,0.0200908906216145,-0.0773762056952079,-0.996250785477099,0.0386948992565733,0.0230412825284987,0.0370140299601101,0.999049078316753
-0.997235697568312,0.071140348165084,0.0214479453186854,-0.0702628935770571,-0.996757525023606,0.0392117596518411,0.0241679391264922,0.0375963717899115,0.999000712485538
-0.997698314726048,0.0639832478919808,0.022454771920405,-0.0630497758359696,-0.997205593799182,0.0400715542830024,0.0249559323576191,0.0385635538405755,0.998944469805678
-0.9980884353673,0.0573803294712817,0.0229558919631304,-0.0564030100788753,-0.997558932853608,0.0411688709829848,0.0252621384704075,0.0397953926194793,0.998888457780028
-0.998948437149199,0.0387551889756505,0.0244960250782637,-0.0375655353534881,-0.998174587020292,0.0472897915038192,0.0262840345224842,0.0463198570197541,0.998580803127564
-0.999131604673069,0.0337042749139848,0.0244960894009766,-0.0324709957310966,-0.998265396043442,0.0491104214852766,0.026108829534263,0.0482723618103874,0.998492918405332
-0.999301974816573,0.0284193818553555,0.024246687663602,-0.0271573706869503,-0.99833548351957,0.050879657655276,0.0256522970719652,0.0501856660880973,0.998410415898305
-0.999435282980833,0.0229137567617861,0.024577934902743,-0.021591624922255,-0.998373093225697,0.0527728003442173,0.0257471720046772,0.0522123210939303,0.998304040190034
