0.513533076295186,0.858004781682915,0.0105628670376546,-0.857996513565924,0.513611192790691,-0.00674724750119104,-0.0112143773577193,-0.00559796832575645,0.999921447160277
0.516761565659705,0.856108129574012,0.00602948871944805,-0.856031347460726,0.516796155618084,-0.0114919842909258,-0.0129543977669516,0.000777184441707105,0.999915786235441
0.513905286165019,0.857798219816976,0.00914171376041746,-0.857801566641234,0.513958522607475,-0.00480721405652728,-0.00882208135837273,-0.00537132367009567,0.999946658458609
0.514377056629104,0.857506113736865,0.00997539560513084,-0.857480996774745,0.514454361325818,-0.00794042083488125,-0.0119408451865641,-0.00446934186926735,0.999918717296304
0.513388452066915,0.858119899580702,0.00790792184726658,-0.858095455494646,0.513439997931364,-0.00718037489806498,-0.0102218659633813,-0.00309943024536844,0.999942951866946
0.515085025307316,0.857098295284261,0.00836235164150064,-0.85709685330798,0.515131981553097,-0.00490159471388189,-0.00850886324497253,-0.004642607240939,0.999953021618658
0.515491940164459,0.856866676268347,0.00689628351487525,-0.856820558211075,0.515536481076505,-0.00898152025642342,-0.011251251145723,-0.00127897618818702,0.999935884728399
0.516097139882078,0.8565213266324,0.00386771630475001,-0.856467277603323,0.516108721746212,-0.00977700016592518,-0.0103703712707247,0.00173330936818937,0.999944723991452
0.51370871272916,0.857916894831304,0.00905317784882304,-0.857915082420014,0.513763865451292,-0.00532934450081795,-0.00922333033185732,-0.0050291271171306,0.999944817506461
0.513790297300934,0.857846439417685,0.0109094810975103,-0.857842080023233,0.513871311999265,-0.00657574676874315,-0.0112470503168875,-0.00598005706937416,0.999918868097115
0.513987077254337,0.857767052049992,0.00727796901681725,-0.857769987596969,0.514020314946135,-0.00371001355423819,-0.00692335131567695,-0.00433592436996958,0.999966632926528
0.514030786348148,0.857747186599382,0.00648957372637442,-0.857734812100557,0.514064146036417,-0.00538942210920797,-0.00795881882735882,-0.00279600441604616,0.999964419148091
0.514440423378502,0.857452506729646,0.0112360801525281,-0.857410664894467,0.514542010294579,-0.00966805912483189,-0.0140713368013104,-0.0046602945249598,0.999890133532462
0.514514071860287,0.85741356314217,0.0108282776836717,-0.857398342881999,0.514599215984907,-0.00746515444721999,-0.0119729478804818,-0.005443220330541,0.999913506195153
0.515852493569557,0.856652692624019,0.00650915494426659,-0.856597211560888,0.515893277700159,-0.00976438271977621,-0.0117227140279635,-0.000538742800712396,0.99993114149526
0.516474117527799,0.856295576364892,0.00351736006085572,-0.856209636086473,0.516474159762718,-0.0126293851815717,-0.0126311122452017,0.00351115298888055,0.999914059711202
0.5146345057127,0.857357467036713,0.00946040412650937,-0.857351654689068,0.514696706546504,-0.0059531900774955,-0.00997325081214292,-0.00504717609894439,0.999937528189469
0.517382762849678,0.855733266902298,0.00597098172445613,-0.855666419694856,0.517417038509036,-0.0107045068604137,-0.0122496903070996,0.000429158780155376,0.999924877633376
0.517578392493354,0.855607869229282,0.00691243350235024,-0.855561095646091,0.517623065697669,-0.00903180350803101,-0.0113057171757218,-0.0012393428398489,0.999935320302502
0.515265822169079,0.856982082782019,0.00910177427846231,-0.856965152097211,0.515328588870682,-0.00686830281482406,-0.0105764169465648,-0.00426090168211039,0.999934989947561
0.515654119441715,0.856753857665835,0.00858233520079385,-0.85668999567452,0.515722135186697,-0.0106268805236751,-0.013530721118254,-0.00187260598719743,0.999906702114171
0.514277565810039,0.857593255215655,0.00723836398072061,-0.857565933769389,0.514322593155266,-0.00727594724273571,-0.00996265741344085,-0.00246551792913302,0.99994733195234
0.517107966366335,0.855913373208588,0.00341301672563784,-0.855835506450063,0.517108787841846,-0.0120036426180076,-0.0120389791858478,0.00328619832527746,0.999922128908411
0.514753793800159,0.857272355490299,0.0106132125418624,-0.857254362104016,0.514837070564614,-0.00759930431582922,-0.0119787487652506,-0.00518645202063354,0.999914801517338
0.518061613134186,0.855250183655498,0.0126209490150967,-0.85528114473262,0.518145453462663,-0.00441050119945957,-0.0103115693114069,-0.00850954835512163,0.999910625568669
0.518008092658239,0.855317827437318,0.0099513822396579,-0.855322887506505,0.518070343132847,-0.00508701029577403,-0.00950652660587824,-0.00587653249125842,0.999937544208522
0.518079124540462,0.855263569827876,0.0108741363181773,-0.855291496303452,0.51813708276231,-0.00322797422014709,-0.00839506202429525,-0.00762821026456853,0.999935664601362
0.517918705667375,0.855368466970012,0.0102469523860524,-0.855373104368069,0.517985159646828,-0.00531288145764139,-0.00985224053519885,-0.0060133267848635,0.999933384409889
0.518000055656982,0.855277061308244,0.0133075444503136,-0.855320278233286,0.518085582355595,-0.00381457706687125,-0.010156967180151,-0.00940626148889685,0.999904174539993
0.517800120977045,0.855407140291857,0.0127145213777465,-0.855427235162531,0.517893902108578,-0.00549103823869835,-0.0112818464067622,-0.00803308760429301,0.999904090123246
0.517705870595977,0.855448568963512,0.0137250649813008,-0.855504124179002,0.517787389883552,-0.00298536267429819,-0.00966048980021524,-0.0101963099137853,0.999901350234593
0.517653811932428,0.85550105372693,0.0123482008381348,-0.855514355216776,0.517746155486647,-0.00584007678218613,-0.0113894253521277,-0.00754092506984748,0.999906703367489
0.517630587756103,0.855533841851743,0.0109736076869941,-0.855520927008016,0.51771658018886,-0.00731341567927688,-0.0119380932571954,-0.0056025033644307,0.999913043161971
0.517583800937857,0.855556683379801,0.0113916869196856,-0.855547524868028,0.517674170416471,-0.00720319205695681,-0.01205992118179,-0.00601787402448337,0.999909167621397
0.51757237501174,0.855567775322773,0.0110733217215519,-0.855524264314101,0.517671699888523,-0.00970795057378337,-0.0140381549543636,-0.0044489283843744,0.999891562741535
0.517660777685512,0.855521912736171,0.0104678591065569,-0.85552735466221,0.517729769450846,-0.0053694738154396,-0.0100132247908533,-0.00617597381934688,0.999930793943596
0.517802387970436,0.85545140579588,0.00914217337222046,-0.855422854931356,0.51786972232803,-0.00791769896983142,-0.0115076615001573,-0.00372062061253238,0.999926862679994
0.518032593375463,0.855333833082252,0.00680192513299098,-0.855276798416443,0.518076789924323,-0.0099014055682939,-0.0119929267158362,-0.000688277946207451,0.999927845387985
0.518255521421394,0.855194800524475,0.00728475614851979,-0.855163752551869,0.518301730996107,-0.00763360778692464,-0.0103039234102834,-0.00227350002045461,0.999944328630356
0.518496273842464,0.855039454939899,0.00831531764640149,-0.854989105231009,0.518558412441321,-0.00952905150660301,-0.0124596929239634,-0.00216872829478177,0.999920023136763
0.518779869075438,0.85488142108596,0.00672334173763748,-0.854843212620805,0.518821311059294,-0.00821760469093719,-0.0105132905511318,-0.00148427516487144,0.999943632235849
0.519043629762451,0.854723037072608,0.00649925383386786,-0.854658126422383,0.519084311379253,-0.0105339745637008,-0.0123772914323641,-8.70477114284934e-05,0.999923394605554
0.519253821587259,0.854586635437505,0.00755984779157009,-0.85454674100814,0.519304831210426,-0.00850645130933502,-0.0111953650853353,-0.00204323594228568,0.999935242396972
0.519485465890827,0.854436325884897,0.00856829834379538,-0.854424294293231,0.519539679592835,-0.00613568660290519,-0.00969412449395874,-0.00413356225222089,0.999944467264759
0.519645660330015,0.854327295053026,0.0096571542165912,-0.85433571816959,0.519701882026032,-0.00452045111152739,-0.00888078599190853,-0.00590141898026679,0.999943150831179
0.520019602201673,0.854127964978288,0.0067106458752076,-0.854142947910127,0.520037178218278,-0.00107601401935174,-0.00440883900960198,-0.00517230246792405,0.999976904446181
0.519881635351299,0.85419527896291,0.00857383356116931,-0.854211249996629,0.519918866725087,-0.00274087622802846,-0.00679894136281639,-0.00589893386782646,0.999959487667159
0.520030304765036,0.854116390354595,0.00732624416886534,-0.854123517549992,0.520061075047126,-0.00308139397950858,-0.00644196352155601,-0.00465509918967651,0.999968415079957
0.519924106033124,0.854177857430771,0.00768842250622742,-0.854170973958403,0.519966500492228,-0.00517548189245191,-0.0084185041789351,-0.00387636954412429,0.999957050350937
0.519783896372539,0.854252253419071,0.00881978459045643,-0.85422775299938,0.519845776466676,-0.00743738498327206,-0.0109383306502,-0.00366827182721629,0.999933446137486
0.519676048985223,0.854303781680628,0.0100922107233939,-0.85426488012286,0.519759251827809,-0.00904625491971331,-0.0129737696828379,-0.0039202991690048,0.999908152059299
0.519613431073809,0.854369166904017,0.00743026859811772,-0.854305139039507,0.519665786041135,-0.0104976296819093,-0.0128301074973373,-0.000893007270656732,0.999917292019506
0.51946953811407,0.854467756742515,0.00602093505769931,-0.854421072409773,0.51950419179326,-0.00894571022140242,-0.01077172194634,-0.000497389832094788,0.999941859614681
0.519311627696322,0.854572789837154,0.0045585314894013,-0.854539875893192,0.519331634766947,-0.0075002425786948,-0.00877689283545798,-4.83751548851054e-07,0.999961482334155
0.518879786527586,0.854830777450168,0.00530179752799221,-0.854771925149419,0.518906419983732,-0.0100540179044638,-0.0113456207164997,0.000684998984258334,0.999935401747007
0.519135233433655,0.854688681871292,0.00242208358616475,-0.854639810497287,0.519132731001337,-0.00959176293781214,-0.0094553540889397,0.00290941303467291,0.999951064600087
0.518805336104588,0.854870846379817,0.00607118104338667,-0.854796800790723,0.518840441333513,-0.011270572070258,-0.0127848577368526,0.00065760679809307,0.99991805412541
0.518743374910197,0.854893359718123,0.00791545934482232,-0.854806955507543,0.518803560929196,-0.0121628114805661,-0.0145044752647233,-0.000456811828166025,0.999894700216102
0.518654139474029,0.854930167288345,0.00960690724309143,-0.854816752421701,0.518742194029704,-0.0139590799290087,-0.0169175466800199,-0.00097221066192679,0.999856415402111
0.518638252609234,0.854960281755451,0.00756832551366126,-0.854811948049869,0.518690188483528,-0.016031900764084,-0.0176322545815221,0.00184526192248073,0.999842836953293
0.518673312927756,0.854934582948536,0.00805315684433374,-0.8548260951496,0.518735796205015,-0.0136206015592643,-0.015822184041187,0.000180593915943463,0.999874805102121
0.518983080978104,0.854734049788049,0.00928793795176934,-0.854643037292528,0.519064235146352,-0.0125538280749232,-0.0155512207198439,-0.00142264712889165,0.999878060369998
0.518835971663857,0.854832813835569,0.00837226956000955,-0.854767106190206,0.51890106492116,-0.0107181621048976,-0.0135066162617713,-0.00159537257390859,0.999907508774441
0.519191159987979,0.854630406299132,0.00688534816248004,-0.854537141274082,0.519236367269066,-0.0126439348441668,-0.0143810143403588,0.000680833463112851,0.999896356075137
0.51943420010761,0.854490798612228,0.0057954159129645,-0.854418047882763,0.51946582220911,-0.0111829785309275,-0.0125662727480275,0.000857113557009078,0.999920673926474
0.519663861777036,0.854337790070401,0.00751074034979315,-0.854247511907425,0.51971813419394,-0.012419717788399,-0.0145141022096484,3.80472517068485e-05,0.999894664146906
0.520304171757604,0.853920985721369,0.0101251664816076,-0.853776108056866,0.520402479917317,-0.015735825595672,-0.0187063134503999,-0.000457209528616698,0.999824917071255
0.519893198129276,0.854177915167676,0.00954734406601685,-0.854076890610961,0.519979250796069,-0.0132001388580331,-0.0162396879042182,-0.00129150352684323,0.999867293472195
0.520682951259477,0.853710859733503,0.00818732195559249,-0.85358401294943,0.520746870088508,-0.0147319425117343,-0.016840341590019,0.000682104174631167,0.999857958726652
0.521081737021378,0.853477498562715,0.00706985077021447,-0.853381336406187,0.521129288560733,-0.0128280660184684,-0.0146327719989521,0.00065119222505062,0.999892723212002
0.522156557441668,0.852799769552198,0.00922402148656663,-0.852766402860262,0.522226165002026,-0.00832434622338816,-0.0119160259078041,-0.00351932365604834,0.99992280836451
0.521530525271076,0.853207791888062,0.00650961381134662,-0.853139305861837,0.521571142543122,-0.0108105531701771,-0.0126188749125138,8.44260648725391e-05,0.999920375264042
0.522709819398625,0.852472715849445,0.0080444662052689,-0.852405036958547,0.52277032418901,-0.010809306870248,-0.0134200473901863,-0.00120701267104221,0.999909218603598
0.523169754701901,0.852162989612447,0.0105663096646148,-0.852120461896751,0.523260637113046,-0.00943525648386899,-0.013569310300094,-0.00406752785174049,0.999899659483468
0.523647296142964,0.851853835520982,0.0117708177437082,-0.851853567860001,0.523738380060787,-0.00660364864982092,-0.0117901724478634,-0.00656903033145072,0.999908915688901
0.523951892589358,0.851685404870564,0.0103143289890158,-0.851694345376673,0.524016299686751,-0.00486412541005544,-0.00954758112978014,-0.00623608796190894,0.999934975336647
0.524181402370946,0.851565218218258,0.00839860281944218,-0.851572609673475,0.524223124802442,-0.00376906835591485,-0.00761234933096678,-0.00517634458412793,0.999957627899507
0.524361241856063,0.851426559277304,0.0108674834428163,-0.851458994977301,0.524414645928447,-0.00261897078756293,-0.00792892876830025,-0.00787992975560169,0.999937517445783
0.524547845201921,0.851300840950148,0.0116805946591949,-0.851324028066384,0.524622070271244,-0.00436836595780653,-0.00984669136556484,-0.00765255394525568,0.999922237520132
0.524723588475915,0.85118939848643,0.0119064520856685,-0.851191521618869,0.52481536370617,-0.00646742159715805,-0.0117536896808333,-0.00674106239923483,0.999908200214708
0.524770358780096,0.851167556225515,0.0113956910669932,-0.851182450923917,0.524846262864086,-0.00498353255802882,-0.0102228070980527,-0.00708460208390589,0.999922648322533
0.52476812274051,0.851180375337255,0.0105064740103516,-0.851207203892299,0.524821358305197,-0.00297286201196503,-0.00804446376428132,-0.00738312314793309,0.999940386270765
0.524633784604369,0.851280792552853,0.00896684349609264,-0.851310025522634,0.524662071801139,-0.000975119474016781,-0.00553466316485116,-0.00712198314542134,0.999959321602498
0.524372501684274,0.851465380286509,0.00633921532415584,-0.851474476446566,0.524392488989182,-0.00193221421616521,-0.00496945041443458,-0.00438448004689713,0.999978040207532
0.523792883789637,0.851832789797009,0.00468114494331364,-0.85180812533714,0.523813481556655,-0.00650800653986428,-0.0079957801972982,-0.00057858978535816,0.999967865850146
0.52410022593482,0.851640817337055,0.00518376509338425,-0.851634077785888,0.524120920994411,-0.00408138821363205,-0.00619279652909063,-0.00227561451987062,0.999978235188
0.523504533636457,0.852012159374129,0.00427592571393059,-0.851966603623987,0.523521042864957,-0.0088670168036723,-0.00979334322307353,0.000998977588707152,0.999951545062206
0.523232431120988,0.852182812712003,0.00350381812883068,-0.852112279989882,0.523235813444836,-0.0113554312628734,-0.0115102264819546,0.00295588345167262,0.999929386226525
0.523201442488035,0.852206532631864,0.00206792601806483,-0.852114432271764,0.523177974730701,-0.0136308866494897,-0.0126982239942837,0.00536958995254067,0.99990495678896
0.523317198745624,0.852137806277925,0.000518274906433476,-0.852026682820773,0.523258590689274,-0.0158423177377857,-0.0137710296805646,0.00784897329085853,0.999874368288245
0.523604191263818,0.851960153070566,-0.00159639310358396,-0.851837465454491,0.523494958889781,-0.0180543752330467,-0.0145459045450073,0.0108132139978989,0.99983573204002
0.52399731729974,0.851715314091185,-0.00279914366015806,-0.851571299515807,0.523841665944184,-0.0204017367344368,-0.0159101635326222,0.0130741257213127,0.999787944482723
0.524225879162581,0.851578565122355,-0.00108399279129948,-0.851432042713204,0.524111163951997,-0.0192604377443294,-0.0158336432143809,0.0110197661061595,0.999813912934565
0.524941632821135,0.851133363897772,0.00287732360790721,-0.851015618574369,0.524920392828783,-0.0151986227981124,-0.0144464207873289,0.00552974253825184,0.999880354279399
0.525288626314299,0.850908246847014,0.00519754870844725,-0.850806135555861,0.525307707374792,-0.0134436703746881,-0.0141696423857182,0.00263970081274484,0.999896121211739
0.525588950479745,0.8507046707753,0.00760383157942448,-0.850618209201982,0.525643942641496,-0.0121287978924714,-0.0143149330286055,-9.31954462785473e-05,0.999897531753627
0.525838814543551,0.850530786729963,0.00953529988747204,-0.850442326039366,0.525922815462384,-0.0123710248917145,-0.0155367692969032,-0.00160405755203671,0.999878010458868
0.526140451508583,0.850335974808595,0.0102447661106458,-0.850217474413075,0.526238782191444,-0.0142474671545183,-0.0175063271132932,-0.00121411036701391,0.999846015367876
0.52651704232686,0.850102347602248,0.0102860459128638,-0.849942804064501,0.526617502111833,-0.0164692528205395,-0.0194173622912355,-7.12084215120177e-05,0.999811462712352
0.527075025694538,0.849774181508098,0.00870389173557129,-0.849566075858455,0.527140413226923,-0.0189859814972481,-0.0207219699731233,0.00261250553901194,0.999781863595875
0.527959673140434,0.849215542796417,0.00956793658180926,-0.848961891481276,0.528038154344265,-0.0209622128897799,-0.02285367257095,0.00294438952752268,0.999734484861021
0.528644185462113,0.848794152808355,0.00915485310892098,-0.848575704343768,0.528717557647319,-0.0194169573551744,-0.0213213314447698,0.00249607568011231,0.999769558664206
0.529873392333565,0.848051565571589,0.00653683627578427,-0.847861930362929,0.529896912081081,-0.0184230727128785,-0.0190875650141133,0.00421956141232807,0.999808911824314
0.531607943021024,0.846986471196373,0.00262916855123515,-0.846793766777949,0.531548780884338,-0.019905026661258,-0.0182568196290372,0.00835530673817552,0.999798418375596
0.533156869277098,0.84601606766032,0.000752331850364746,-0.845867440961179,0.533079470448118,-0.0182907219250778,-0.0158752973021162,0.00911545102137072,0.999832427703886
0.53660474450041,0.843833400254627,0.000735387220560581,-0.843755850725874,0.536566861387174,-0.0131174550494094,-0.0114635311098706,0.00641840134538683,0.999913692064802
0.534951210564892,0.844882937927101,0.000153345453389932,-0.844776198324554,0.53488649420043,-0.0157991476443145,-0.0134304526904377,0.00832223056907425,0.999875173918667
0.537982077284398,0.842953671751412,0.00209566256261853,-0.842895729530383,0.537971569794103,-0.0106479684781758,-0.010103151003942,0.00396199117617991,0.999941112749002
0.538769469612565,0.8424455805335,0.00359199846465392,-0.842406127936032,0.538779534830279,-0.00827819206648998,-0.0089092215831193,0.00143411563085243,0.999959283712662
0.539322658105831,0.842084276838978,0.00501409555520651,-0.842063760351255,0.539345027700694,-0.00596360609373581,-0.00772618643091292,-0.00100588026760795,0.999969646663399
0.539565067153887,0.841909461964948,0.00761552106641604,-0.841901447323781,0.539606623014106,-0.00516191761220296,-0.0084552528847386,-0.00362632778486933,0.999957678327164
0.539694833541993,0.84181142595137,0.00911097062895817,-0.841806363401586,0.539751367652956,-0.0055233733679082,-0.00956729766852677,-0.0046887369818384,0.999943239669551
0.539815804817938,0.841692823396398,0.0123323927833211,-0.841702953980693,0.539908679689175,-0.00589532496711864,-0.0116204186214646,-0.00719782184358301,0.9999065742517
0.539815676837164,0.841669706921691,0.0138253206541103,-0.841688638159334,0.539928435454584,-0.00612543721295306,-0.0126202786942251,-0.0083300082784405,0.999885663227432
0.53965530071425,0.8417413690064,0.0156084629046172,-0.841763430207145,0.539800389446231,-0.00706166549755359,-0.0143695503379454,-0.00932776805722602,0.99985324361436
0.539236270436253,0.841988694377493,0.0167117679042389,-0.841986834066131,0.539418724598326,-0.00925261109144027,-0.0168052344611522,-0.00908174505259269,0.999817536354262
0.538857483689917,0.84221368193542,0.0175706070514035,-0.842187709699716,0.539071297342472,-0.0110452710356647,-0.0187742883252167,-0.00884592235370368,0.999784614682379
0.538599137012205,0.842389536267782,0.0170539964893701,-0.842251986763932,0.538839722180939,-0.0162278954944506,-0.0228595800905791,-0.00562343191660184,0.999722869905236
0.538651953006071,0.842351923457955,0.0172426961183378,-0.842275260053822,0.538878965165835,-0.0134850733429704,-0.0206509037093415,-0.007259335264481,0.999760392407854
0.538781555277943,0.842268507436329,0.0172683836319226,-0.842079115650766,0.539038557193651,-0.0184444258086684,-0.0248434835944052,-0.00460382879408445,0.999680752082048
0.539532394067676,0.841850103469635,0.0138996057414189,-0.841579086010287,0.539711379693951,-0.0213604451953274,-0.025484068389747,-0.000172965361180299,0.999675213427487
0.539978039802955,0.841602534515366,0.0113529920227748,-0.841342490527399,0.540094422881015,-0.0209959045048845,-0.0238018941202667,0.00178557277505867,0.999715100199128
0.539065789334847,0.842096174139832,0.0167960789429042,-0.84185004259171,0.539318803939445,-0.0205847882103021,-0.0263928126037337,-0.0030432246685805,0.999647016814676
0.54043247728386,0.841322907647441,0.0104164564265509,-0.841114325091179,0.540531064750349,-0.0187845725600584,-0.0214343094883117,0.00139036236629068,0.999769292021539
0.540890293655296,0.841005313027502,0.0121553975254258,-0.840847798723512,0.541025086543186,-0.0163350883916633,-0.020314271124323,-0.00138534849481151,0.999792684109179
0.541305212527924,0.840701892659981,0.0144566444248063,-0.840588641556505,0.541480956710239,-0.0144606087822687,-0.0199850588262327,-0.00432448818834418,0.999790926256895
0.54179330152782,0.840412319316646,0.0129287261708017,-0.840252544907076,0.541944121862456,-0.0164993804705799,-0.020872929760003,-0.00192414124910351,0.999780285104526
0.541948486591879,0.840345662908464,0.0105358773581674,-0.840189983127447,0.542050882685683,-0.0161750682215933,-0.0193036300491271,-8.60848765786578e-05,0.999813663867583
0.541995692530691,0.840280470217702,0.0130154004507941,-0.840136594446036,0.542146602313968,-0.0157341752893848,-0.0202773753428056,-0.00240685897771208,0.999791495802534
0.54202866561726,0.840242110018885,0.0140755888041764,-0.840055811769826,0.542207080893752,-0.0178245488137939,-0.0226088204228101,-0.00216286377026017,0.999742048360176
0.542062327031683,0.840219412781053,0.0141340722673426,-0.839983127506716,0.542245536628026,-0.0199530326271782,-0.0244290629585534,-0.00105659493030108,0.999701007546817
0.542114086938639,0.840185129575873,0.014186781955704,-0.839894939312189,0.542299681952887,-0.0220804409279213,-0.0262451454646312,5.47117031213236e-05,0.999655535345136
0.542325922131713,0.840089971764416,0.0114644461205136,-0.839807646365234,0.54244243700479,-0.0218933698363512,-0.0246112025401697,0.00224541247172043,0.999694576774506
0.542721854827629,0.839847990328219,0.0104087191387611,-0.839512390137733,0.542804134842956,-0.0241374812816226,-0.0259217109328943,0.00436168992957561,0.999654460582891
0.543492850348493,0.839295650869952,0.014083041250197,-0.839026930869453,0.543675211735805,-0.0212384891132467,-0.0254819719773816,-0.000273083892206891,0.999675244531609
0.544042527269091,0.838899884299257,0.0162699921743686,-0.838680746161987,0.544277039161086,-0.0194193372496483,-0.0251462629397376,-0.00308038386165972,0.99967903683904
0.544566476468358,0.838536904794976,0.0174129837678388,-0.838379472914003,0.54481909341812,-0.0170884418100935,-0.0238162151333033,-0.00529289560828356,0.999702342276342
0.545012818279424,0.838235213304324,0.0179653858231307,-0.838130016675563,0.54526516958338,-0.0149656268371267,-0.022340614551532,-0.00690087065970277,0.999726600089043
0.54543955398732,0.837970920051458,0.0173329193798085,-0.83780673052609,0.545691406524654,-0.0173427544043016,-0.0239911490199452,-0.00506221228887575,0.999699354193772
0.545776448614879,0.837745751973824,0.017610314793939,-0.837637858838992,0.546020825687822,-0.0149691467631799,-0.0221559377359357,-0.00658125861827244,0.999732865048479
0.546161741593147,0.837417458279136,0.0209607392343931,-0.837383298925521,0.546463151672563,-0.0129319196062215,-0.0222836868707253,-0.0104892532337373,0.999696660425574
0.545992387373792,0.837587828085284,0.0184104093719941,-0.837531278471393,0.546238110020241,-0.0128563114302067,-0.0208247571880717,-0.00839984552790835,0.999747854252844
0.546285142669025,0.837287649574457,0.0228458917349522,-0.837247623412001,0.546642913778213,-0.0140691828839419,-0.0242684978941847,-0.0114418829808258,0.999639996860776
0.546426354619189,0.837161067043112,0.0240746091312418,-0.837087724764259,0.546836644066202,-0.0159319099736938,-0.0265024532181459,-0.0114469442932135,0.999583206861624
0.546742767108145,0.837037483099161,0.020990438345853,-0.836913013483874,0.547080629334044,-0.0167150491715491,-0.0254745849086789,-0.00842833877397383,0.999639939492836
0.546890072780183,0.836970226376096,0.0198012235589699,-0.836793101399836,0.547209778554438,-0.0184055346036642,-0.0262403076226128,-0.00650372311446582,0.999634507128241
0.547020165679805,0.836914819961384,0.0185073625523424,-0.836742981244829,0.547303482908115,-0.0178908058556035,-0.0251022245459466,-0.00569927413374842,0.999668643399999
0.546973230156859,0.83688606931477,0.021023617163696,-0.836775768738924,0.547307143786143,-0.0161617824523415,-0.0250319464515762,-0.00875199106077506,0.999648340322394
0.546999152097703,0.836970513922776,0.0165011038490814,-0.83680856169017,0.547229685403329,-0.0170617260382043,-0.0233100554787458,-0.00447551530202878,0.999718265851114
0.546957814242747,0.837031248945251,0.0146914168121861,-0.836883030049121,0.547144065352394,-0.0161296548461714,-0.0215393466613526,-0.00347275665834496,0.999761969924138
0.546916696492045,0.837100167295214,0.0120597268854909,-0.836892810760901,0.547049632573608,-0.0186312317842802,-0.0221934764051826,9.70330088288994e-05,0.999753689760457
0.546769370493018,0.837188983778567,0.0125642719836359,-0.836928669525626,0.546912952834676,-0.0208955533002016,-0.0243650901236749,0.000909649089231981,0.9997027132712
0.54663352788391,0.837276694452855,0.012630246208661,-0.837066267361713,0.546779334428748,-0.0187729456075601,-0.022624107459084,-0.000310431563509858,0.999743993927407
0.546393265439474,0.83735222693695,0.0171944039186905,-0.837207255833872,0.546637195392658,-0.0164859756267845,-0.0232036691388779,-0.00538745366379151,0.999716242281536
0.54651720521725,0.837318771248558,0.0147044114581412,-0.837151212594465,0.546706705116429,-0.0170183968797262,-0.0222888235029093,-0.00300896918268488,0.9997470452326
0.546273107536021,0.837383749352739,0.0193429135056592,-0.837294740514189,0.546554387549928,-0.0146907779644045,-0.0228737729772584,-0.00817054281377237,0.999704972849447
0.546032513801077,0.837538818581006,0.0194221842749196,-0.83749723752182,0.546296930965979,-0.012571410440867,-0.021139323910585,-0.00940162683183316,0.999732333376048
0.545792432701992,0.837734329555854,0.0176582413860015,-0.837680254927596,0.546019345101348,-0.0124364496354205,-0.02006018219461,-0.00800424004510695,0.999766733409159
0.545071671407319,0.838302885922258,0.0120475924419056,-0.838180001216643,0.5452004215444,-0.0145184678350605,-0.0187392259632228,-0.00218444551848411,0.999822018965414
0.54530489684556,0.83818993524481,0.00895555305690516,-0.838074701427169,0.545378425548646,-0.0138984809904308,-0.0165337323074626,7.34872885157964e-05,0.999863305805151
0.545533347799851,0.838020926822388,0.010690773874378,-0.837894919290857,0.545637154398182,-0.0145670850489707,-0.018040805548969,-0.00101091443817859,0.999836740366718
0.546390772663513,0.837471806106215,0.009904419486458,-0.837251929016285,0.546475839130201,-0.0193226448875887,-0.0215946962627174,0.0022652205492088,0.999764241143473
0.545864476282577,0.837806546461567,0.0105907619598331,-0.837640436713241,0.545967155579116,-0.016684238421338,-0.0197603723547481,0.000236082594876795,0.999804716906962
0.54707167090319,0.837032810624452,0.00941598817550307,-0.836852830020115,0.547150181912298,-0.0174361498233902,-0.019746589136252,0.00165902726589482,0.999803640644509
0.547962239619947,0.836457237237336,0.00875638189977497,-0.836318394932125,0.548031197270658,-0.0152757689247869,-0.017576297927796,0.00104742129611046,0.999844976313719
0.548687082850299,0.835986878870347,0.00827184803075336,-0.835883980872027,0.548749357803955,-0.0131191779956232,-0.0155066319606333,0.000284018242697847,0.999879724616354
0.549025195668232,0.835767773712836,0.00797263723927056,-0.835686321017401,0.5490830204896,-0.0116708814757084,-0.0141317863648259,-0.000255015897470802,0.99990010880139
0.549428695269306,0.835496242337994,0.00861033412595997,-0.835440214834735,0.549493252262063,-0.00983936762972995,-0.0129520751835582,-0.00178738847291329,0.9999145208421
0.549660541835095,0.835333188026679,0.00957881677111613,-0.835298578477578,0.549733369972388,-0.00833706975745066,-0.0122300262832256,-0.00341861375221315,0.999919366517683
0.549854620816749,0.83519431382283,0.0105049571385033,-0.835172705950829,0.54993564067066,-0.00757247350085409,-0.0121015371436679,-0.00460969393380428,0.99991614824474
0.55010103923379,0.835025233235478,0.0110320666214505,-0.835011226234533,0.550186363105813,-0.00715666924628658,-0.0120456920185664,-0.00527500828764354,0.9999135340575
0.550435243750728,0.834799962799215,0.0114045844950868,-0.834790348613628,0.550523974401869,-0.0069589848619796,-0.0120878574865378,-0.00568996653768577,0.999910750008312
0.550866223829461,0.834514270119161,0.0115037564019566,-0.834506119636986,0.550955701346715,-0.00688123840385834,-0.0120805518206734,-0.00580931330144234,0.999910152037009
0.551532163842653,0.834081142133483,0.0109963896050406,-0.834069086109502,0.551616025543824,-0.00696562701382205,-0.0118756828646283,-0.00532998128892611,0.999915276138913
0.552198657009996,0.833650616553424,0.0101633024383236,-0.833633348886711,0.552273205581575,-0.00705308589050492,-0.0114927290181315,-0.00457776329089524,0.999923477703653
0.553010406591424,0.833129134039816,0.00867964375160514,-0.833101930964759,0.553069682332601,-0.00742287729295186,-0.0109846631436211,-0.00312609957969488,0.999934780211709
0.554510591799505,0.832163981646724,0.00459469607621371,-0.832116472146405,0.554528438288299,-0.00896593063560026,-0.0100090141764415,0.00114838121325616,0.999949249140078
0.555283091510012,0.831659762761896,0.00165144963906439,-0.831606078734149,0.555267962201264,-0.0104316808458092,-0.00959260629319479,0.00441918043113743,0.999944224818975
0.555865707702299,0.831269166734096,-0.0022107550347446,-0.83122211879104,0.555801150377408,-0.0124446965283866,-0.0091161523218968,0.00875520852700035,0.999920117854668
0.556330564983217,0.830931602157492,-0.00699821416064525,-0.8309141087683,0.55618985763062,-0.0153162044453823,-0.00883438256109514,0.0143357875547602,0.999858209387686
0.556525560348513,0.830748728484452,-0.0116555051473758,-0.830784034289878,0.556291331209954,-0.0183805111379319,-0.00878572978237304,0.0199124318485529,0.999763124950139
0.556613843257099,0.830604531232177,-0.0166475881477588,-0.830724689141535,0.556258452714842,-0.0217491294995934,-0.0088045638882115,0.0259354290472683,0.999624846217256
0.556205507194991,0.830500594458055,-0.0300698581769248,-0.830992782090667,0.555401731859907,-0.0313035518788072,-0.00929676713575192,0.0423990430532712,0.999057501482768
0.556389860879261,0.830573498337958,-0.0240413512391134,-0.830871036968924,0.555804776583222,-0.0270992666590862,-0.00914563485721613,0.0350530196405553,0.999343606162134
0.556264020383125,0.830189359816387,-0.0368234500673095,-0.830952617498415,0.555181719277829,-0.0359305726679467,-0.00938547280292863,0.0505854270256932,0.998675636767461
0.556517092966647,0.829696268295089,-0.0435066387250935,-0.830781721839059,0.555117710856192,-0.0405716372840609,-0.00951083035708587,0.0587233298696858,0.998228989077624
0.556821261675101,0.829191133873228,-0.0489095701532869,-0.830577758752424,0.555143609481005,-0.0442284921538351,-0.00952203824548145,0.0652505659625472,0.997823478591889
0.556215544943661,0.828191725952586,-0.0687221407313734,-0.83099428183605,0.553432422013933,-0.0562232853858532,-0.00853059897148822,0.0883799713027192,0.996050304730498
0.5546381345278,0.828016194963542,-0.0822540005447747,-0.83205525840265,0.550972739449157,-0.0641333559732425,-0.00778374537239938,0.104010678595941,0.994545721445721
0.552548220396201,0.828124757557545,-0.0943390166222233,-0.833448023023903,0.547969908434654,-0.0713678664923214,-0.00740655483605794,0.118060854521617,0.992978739739722
0.547180483437452,0.829613270731507,-0.111064573880822,-0.836982822509693,0.54116428841522,-0.0812463400268426,-0.00729886079227824,0.137415552141018,0.990486593882479
0.540873839304764,0.831594728743621,-0.126117790503753,-0.841070843559008,0.533412144016762,-0.0898405294417818,-0.00743814968005849,0.154666388531139,0.987938754269753
0.533159391334062,0.833880462202776,-0.142774080941806,-0.845979381811299,0.52394581563278,-0.0989932716454726,-0.00774267282441645,0.173563121190493,0.984792310073626
0.524075063354467,0.836443374644948,-0.160336549116485,-0.851640534586313,0.513064772358349,-0.107111807072867,-0.0073299262991744,0.192683731481012,0.98123353581245
0.515330628343489,0.838251697928581,-0.178237017510268,-0.856965324725328,0.502422650859711,-0.114812508558583,-0.00669146542383473,0.211909345765948,0.97726641887846
0.496597770107415,0.836838360015057,-0.230417477487392,-0.867980093160072,0.478443081996796,-0.133051776264881,-0.00110118217159825,0.266070998977185,0.963952805328719
0.504252731859516,0.837546124482279,-0.210346551616447,-0.863550839465451,0.488209528539073,-0.126219665275154,-0.0030216006901703,0.245291552256436,0.96944464737338
0.48886546430694,0.835686647166386,-0.250276618076407,-0.872359188882808,0.468295245156259,-0.1403175289683,-5.8135103220544e-05,0.286927501490957,0.957952298138309
0.481666392751468,0.833116944790902,-0.271870635405998,-0.876354194855008,0.458220470649009,-0.148449740445145,0.000900696296719988,0.309758222781048,0.950814930554684
0.473721896854682,0.829253011738642,-0.296524884221872,-0.880671027769919,0.447004789116643,-0.156860636724006,0.00247088791281151,0.335449192917761,0.942055058732633
0.466504130437324,0.82547806715664,-0.317741808593478,-0.884509969603572,0.436985896617758,-0.163356786908478,0.00400124440703926,0.357252413288576,0.933999305804177
0.448824803703578,0.816566451804643,-0.363008987998397,-0.893590348442877,0.413407315976223,-0.17490191613322,0.00725153433292542,0.402881646249256,0.915223357637527
0.457529148784501,0.821361113463386,-0.340636168518136,-0.889176358408587,0.425072554553042,-0.169347946586299,0.00569926835430408,0.380367249715242,0.924817967864102
0.441074401809527,0.810629268041669,-0.385140963625781,-0.897424940521661,0.402700779403665,-0.180168139240472,0.00904699939544727,0.425102660614949,0.905099928041114
0.433299419178129,0.803600485921824,-0.408017000094487,-0.901183844946105,0.39180993718394,-0.185344680884215,0.0109220395554202,0.448008071523411,0.893962793913608
0.425626526616519,0.796178167723092,-0.430049282154334,-0.904811422298859,0.381061495667942,-0.190022173960903,0.0125837163777055,0.469991980527765,0.882580981169272
0.417999471969967,0.78784018025646,-0.45230995103612,-0.90834043167986,0.370098222114468,-0.194794676937938,0.0139320353313657,0.492275488279864,0.870327950849763
0.410948612313706,0.777751265660218,-0.475630325779768,-0.911526695171588,0.359408108408946,-0.199862191520724,0.015502323277569,0.515682829240836,0.856639304257728
0.405014972328255,0.768105513523927,-0.495960474517968,-0.914150677098637,0.350318715230286,-0.203973864304977,0.0170707864507033,0.535995072601929,0.844048500026158
0.398427148590841,0.754945729720588,-0.520876907188657,-0.916970868971287,0.340555422199116,-0.207813449682222,0.020499578625305,0.560427470407573,0.827949767611993
0.392376233774672,0.741701022216541,-0.543985739529762,-0.919486508097734,0.331847665182996,-0.21076453339884,0.0241961276868855,0.582886541923497,0.812193220021829
0.386256766051771,0.725631959401074,-0.569441805784389,-0.921941483902405,0.322992198645221,-0.213775442635859,0.0288029675391147,0.607564234554737,0.79374812752589
0.380916932612149,0.708085109674698,-0.594573601757026,-0.92398368519538,0.315167846876263,-0.216618045850628,0.0340064691215657,0.631889789245207,0.774311858559284
0.37587189419138,0.687083328968722,-0.621801269064516,-0.925771231943,0.307993183020414,-0.219289364356084,0.0408404855961004,0.658070435642123,0.751847961006786
0.370501934007214,0.665097413489295,-0.648362358150721,-0.92753142422376,0.301852078596168,-0.220387793955602,0.0491301737668257,0.683030565360747,0.728735530085242
0.363945741691467,0.642903080402289,-0.673957807517575,-0.929672791096273,0.295039808436727,-0.220590146953315,0.0570262974417422,0.706843080638742,0.705067983072
0.356933017350076,0.621840435617472,-0.697074812166128,-0.931966101438135,0.287819241245008,-0.220452421486708,0.0635453137184402,0.728336843088567,0.682266396727997
0.349158037363051,0.598488222826754,-0.721041269333772,-0.934542968232552,0.278805369578348,-0.221126675056113,0.0686884668039218,0.751052203932559,0.656660095860995
0.341851080891926,0.575324511098996,-0.743060929817821,-0.936957013955428,0.269621639207157,-0.222296481463323,0.0724526914113614,0.772208442455758,0.6312247847695
0.331003879530575,0.522505687694652,-0.785763474629897,-0.94058978249166,0.24947544850905,-0.230332068248212,0.0756788795371599,0.815321903862485,0.574040852443494
0.326213720583547,0.497933168664878,-0.803521728422072,-0.942212386139125,0.239874430744761,-0.233871924097131,0.0762917289688544,0.833380355550952,0.547409129511658
0.336145215010086,0.55215612168181,-0.762974450237441,-0.938886439285402,0.260244375643879,-0.225311160557367,0.0741528728492918,0.792083633358896,0.605891796621449
0.320255706107666,0.472548727645965,-0.82105662576077,-0.944318366540738,0.228309598954896,-0.236933639736714,0.0754924189525899,0.8512182017704,0.519353894426
0.313958476593983,0.444421800702575,-0.838999009555474,-0.946536566060225,0.21552883550757,-0.240033018927955,0.074152573021459,0.869503642387444,0.488328589977349
0.310575456899233,0.420564480365199,-0.852448475526224,-0.947546034054411,0.208203377787086,-0.242503333638539,0.0754943634954913,0.883049755864979,0.463167064618386
0.308009985707621,0.399418183572995,-0.863478409304853,-0.948252141000661,0.202458542440876,-0.244598478491542,0.0771215001932167,0.894134024195459,0.441108400491288
0.305111563155563,0.374750036094805,-0.875482349608323,-0.9490399361135,0.195848800788548,-0.246913845078343,0.0789311959269144,0.906203982377384,0.415408484064682
0.301133272224308,0.352280364434051,-0.886124876749148,-0.950284206700927,0.188079467070817,-0.248165349235438,0.079238114908609,0.916801319207477,0.391403452009765
0.294404696155002,0.311904280246945,-0.903350206091478,-0.952224975990537,0.176050300748754,-0.249547363652864,0.0812001846161842,0.933660544079008,0.348833081069426
0.289880643487312,0.286446394759006,-0.913190930452635,-0.953501492537245,0.168674545934222,-0.249767494448598,0.0824870672325575,0.943131677171036,0.322022550849967
0.285753920414428,0.265807257156953,-0.920701471167762,-0.954760304963193,0.161503954098429,-0.249698283688863,0.0823253122336986,0.95040148087704,0.29993260595066
0.280571746175325,0.239663246952301,-0.929430483311371,-0.956356022866645,0.152150165469154,-0.249466399890652,0.0816250744246064,0.958859663980078,0.271892427289155
0.277097348293855,0.219169038689797,-0.935511620477429,-0.957341155388419,0.14601211323116,-0.249355920301361,0.0819449313141579,0.964699639924034,0.250279110119796
0.27320713185107,0.198069855283354,-0.941342761980854,-0.958433503512644,0.139706895470017,-0.248771386422571,0.0822379623421583,0.970180558342704,0.228005705550648
0.26887596373659,0.179184843497974,-0.946360664855279,-0.959612881912659,0.134257355804451,-0.247220709649653,0.0827576763327811,0.974611591493249,0.208046659994807
