-0.701279856244985,0.0951608473993168,-0.706506175731859,0.0936344364860408,0.99476023786189,0.0410446278201797,0.706710092986477,-0.0373695369411958,-0.706515648927783
-0.697592067401692,0.0950561549838689,-0.710161696304381,0.0934184526492768,0.994766403738312,0.0413859239133362,0.710378983503065,-0.0374717145755075,-0.702821151078939
-0.695945016733515,0.0949663613384729,-0.711787836295281,0.093200536983226,0.994778054166775,0.0415966687873246,0.712021203047932,-0.0373900142055956,-0.701161745425319
-0.693632135390226,0.0951670570707145,-0.71401519031635,0.0932430935888425,0.994756938706799,0.042004266362585,0.714268987323387,-0.0374414762419429,-0.698869050398461
-0.687314543589589,0.0962846329018392,-0.719949989677889,0.0944920188022616,0.994604824544702,0.0428077256470802,0.720187459313829,-0.0386071555460998,-0.692704490376475
-0.686540649107945,0.0963691646515108,-0.720676710617744,0.0946142146818426,0.994590766763078,0.042864403060942,0.720909208917864,-0.0387581059135076,-0.69194488344334
-0.691447125619156,0.0955161450957408,-0.716084868223771,0.0935414955434891,0.99471390409557,0.0423584420208727,0.716345490028725,-0.0376950265286758,-0.696726792861096
-0.692162197868906,0.0954175040660851,-0.7154068714788,0.0934601327595209,0.994726236093944,0.0422482995036225,0.715665211831523,-0.0376193453448309,-0.697429630450247
-0.690078572686127,0.0956918851225537,-0.717380391871126,0.0937544607556093,0.994687997040233,0.0424957601710494,0.717636164506711,-0.0379321982724753,-0.695384414353899
-0.688588799040953,0.0959747493426129,-0.718772782820803,0.0941048851427587,0.994647954155486,0.0426581514669296,0.719019983329815,-0.0382661048831725,-0.693935132983958
-0.698304064271089,0.0951143976387143,-0.709453793551281,0.0935025906660823,0.994760759062758,0.0413315589787788,0.709668020528761,-0.0374737720373832,-0.703538923619781
-0.699440223978214,0.0952105128142202,-0.708320782789097,0.0936356188796779,0.994751627868148,0.0412500876446343,0.708530693730572,-0.037472084320511,-0.704684396690001
-0.699922167648355,0.095252697806862,-0.707838881946268,0.0936670451634989,0.994748993274309,0.0412422723681371,0.708050452923213,-0.0374347958490912,-0.705168910385994
-0.69551816281403,0.0949594674027512,-0.712205858404986,0.0931483502641512,0.994779886013545,0.0416696919348561,0.712444994395261,-0.0373587731793304,-0.700732796455019
-0.694131672526224,0.0950847059504955,-0.713540552379649,0.0931828177792546,0.994766477238423,0.0419120296976385,0.713791414677051,-0.0373972519975108,-0.699359179446706
-0.694734192684523,0.0949926849404269,-0.712966192271971,0.0931275405857874,0.994776625016768,0.041793869223732,0.713212214350978,-0.0373611580127902,-0.699951770604602
-0.693142983526825,0.0952516851118408,-0.714478775661591,0.0933086098159834,0.994747011064375,0.0420937918546406,0.714735131165203,-0.0374900048259261,-0.698389713423968
-0.692663429149767,0.095327002973864,-0.714933658756187,0.0933823504165358,0.994737217749762,0.0421616443482364,0.715190261782954,-0.0375583562937039,-0.697919951945311
-0.688117609852437,0.0960838744659667,-0.719209318681688,0.0942260457331555,0.994633529261605,0.042726979463775,0.719455076649309,-0.0383670631689853,-0.693478450384238
-0.700354879076083,0.0952614090104666,-0.707409575357632,0.0936705489165229,0.994749633195867,0.0412188733757528,0.707621983561847,-0.0373956041538261,-0.705600947540441
-0.690808992177015,0.0955912071529431,-0.716690489292568,0.0936119610292701,0.994703762707665,0.0424408436234173,0.716951697870666,-0.0377722857430692,-0.696098784189509
-0.696398050054496,0.0949920539564323,-0.711341173815655,0.0932750770931113,0.994774026528243,0.0415258490347947,0.711568349404026,-0.037431882532471,-0.701619083475147
-0.689401239468604,0.0958055447795653,-0.718016175729101,0.0939079640564931,0.994671010566813,0.0425543772690751,0.718266820412802,-0.038090396788234,-0.694724331203822
-0.685210792017127,0.096319321990289,-0.721947891966306,0.0946375314631709,0.994588217674732,0.0428720760070861,0.722170276418116,-0.0389469571844972,-0.690618003229173
-0.687005092372705,0.0963393137750497,-0.720237974335791,0.094558114315768,0.994597039975529,0.0428426316764288,0.720473987088373,-0.0386712385794463,-0.692402895167051
-0.700687107370803,0.0952219315148991,-0.707085823166402,0.0936503975744318,0.994754019759389,0.0411587561363055,0.707295681167705,-0.0373794586786497,-0.705928888394861
-0.685793489068308,0.0963385419937556,-0.721391832278433,0.0946312361166481,0.99458928088601,0.0428613053660954,0.721617779369766,-0.038872196659925,-0.6911994884433
-0.696993341918876,0.0950213344278192,-0.710753985092109,0.0933527307907378,0.994770058408832,0.0414463333384469,0.710975069165347,-0.0374630070448998,-0.702218608503424
-0.684694707063701,0.0962958078698944,-0.722440499629995,0.0946273252301193,0.994588511346981,0.0428877886628499,0.722660935320808,-0.0389975702227774,-0.690101704155246
-0.68430678607624,0.0962361199273451,-0.722815904467615,0.0945518579617662,0.994594883117463,0.0429064637617581,0.723038151611646,-0.038982402413022,-0.689707331856147
-0.683343905213858,0.0960887648405173,-0.723745850750454,0.0943332507348039,0.994612321393926,0.0429833448813643,0.723976757232495,-0.0389008920567309,-0.688726633421644
-0.683867430713916,0.0961735090353369,-0.723239927941327,0.0944578723817031,0.994602258438881,0.0429424947272541,0.723465996128269,-0.0389487312772609,-0.689260436103816
-0.681702770375598,0.095589852779921,-0.725357782689169,0.0937702890886407,0.994666847384342,0.0429534119567604,0.725595249258474,-0.0387355490474509,-0.687030633591782
-0.680573532411676,0.0953757840103109,-0.726445542904017,0.0935099708370487,0.994689831826042,0.0429886475239013,0.72668807086311,-0.0386729658327166,-0.68587815928119
-0.6792145192383,0.0953046472657168,-0.727725677068937,0.0933978485534396,0.994695727499771,0.0430958417865391,0.727972855772435,-0.0386966911151198,-0.68451302935391
-0.679740497609914,0.095307463449436,-0.727234036139577,0.0934115191197624,0.994696489472893,0.0430485995827984,0.727479995604528,-0.0386701595695728,-0.685038301669403
-0.678419130003246,0.0953353429534039,-0.72846321556383,0.0934238897861846,0.994690018419092,0.0431711023098241,0.728710821151201,-0.0387677654938129,-0.6837233354916
-0.677575448408048,0.0954106432285419,-0.729238178425506,0.0934961429508393,0.994679043226592,0.0432674498803478,0.729486108824527,-0.0388639952211313,-0.682890625874673
-0.676873877964414,0.0955432974650011,-0.729872065254542,0.0936473295562928,0.994660880251463,0.0433579400382307,0.730117751459578,-0.0390027128145983,-0.682207341939906
-0.676220335185959,0.0956851374461233,-0.730459042488287,0.0938039075716184,0.994641995035275,0.0434526021838016,0.730703007524455,-0.0391363792929916,-0.681572783061759
-0.67538941882503,0.0958282668203439,-0.731208640688413,0.0939527459946214,0.994622839277096,0.0435693597432563,0.731451990536124,-0.0392727751320944,-0.680761070181136
-0.674621031865855,0.0959435369923225,-0.731902521565305,0.0940788637707545,0.994606724868772,0.0436649772405718,0.732144542256413,-0.0393992456173805,-0.680008873978074
-0.673869862350677,0.0960558824092367,-0.732579467409552,0.094202526894498,0.994590940424294,0.0437578010486136,0.732820095618407,-0.0395237736116077,-0.67927356696498
-0.673034097913047,0.096132598260144,-0.733337321154545,0.0942235962809114,0.994582521737252,0.0439035460829855,0.73358504411572,-0.0395490961530449,-0.678445909445414
-0.672363470392695,0.0961485690819741,-0.733950145680877,0.0941866577581974,0.994581390176162,0.0440083153005489,0.73420449275514,-0.0395387275812109,-0.677776107456899
-0.671640393199532,0.0961291842871315,-0.734614430943927,0.0941196267278156,0.994583825991615,0.0440965864948514,0.734874600246461,-0.0395245873371499,-0.677050314901657
-0.67117230585034,0.096089795470846,-0.735047268592918,0.0940563140706152,0.994588083671047,0.0441356273661631,0.735310237684059,-0.0395132259620243,-0.676577829470554
-0.670577411870923,0.0959864297968833,-0.735603520915543,0.0938917234694329,0.994601206756906,0.04419031321054,0.735873819993914,-0.0394340565064539,-0.67596943439405
-0.669535240402566,0.0957037890609943,-0.736588994364188,0.0934029672188519,0.994640928094831,0.0443318155884467,0.736884283706602,-0.0391178848868725,-0.674886170778588
-0.66908721396407,0.0955483640392695,-0.737016153309558,0.0931374897772329,0.994662914680009,0.0443970061858431,0.737324696526431,-0.0389383652672931,-0.674415373195568
-0.668663186801175,0.0953856913644325,-0.737421936546389,0.0928569029897671,0.994686149336839,0.0444641415592494,0.737744629383397,-0.0387431826310279,-0.673967230372199
-0.668240060438359,0.0952333452209435,-0.737825068416198,0.0925893578447904,0.994708015452958,0.044532850880292,0.738161521917275,-0.0385561143227056,-0.673521338644223
-0.667753028065827,0.0950937062508949,-0.738283875308399,0.0923198203908179,0.994728955911986,0.0446246012111935,0.738635867171319,-0.038360022180904,-0.673012306296367
-0.667219516082946,0.0949802334481589,-0.7387806661061,0.0920711014323216,0.994747030028853,0.0447354281282168,0.739148854858802,-0.0381719989378205,-0.67245956670867
-0.666734617877705,0.0949033215787847,-0.739228184579556,0.0918803641071224,0.994760005242233,0.0448389413569811,0.739609997238419,-0.038024880325729,-0.671960683716838
-0.665664753476326,0.0948126056004403,-0.740203354355111,0.0915183086688171,0.994780716791869,0.045119005723244,0.740617873911845,-0.0377080272397047,-0.670867549911298
-0.666192985702277,0.094833533067716,-0.739725291447427,0.0916830591262215,0.994772675333649,0.0449615511163876,0.740122369929692,-0.037867207652904,-0.671405207094961
-0.665309341855193,0.0948130779833929,-0.740522761219076,0.0914001874371941,0.99478558807283,0.0452508508101214,0.740951742947309,-0.0375781054060627,-0.670506077986945
-0.664777311369749,0.0948412099580365,-0.740996809157572,0.091255936242774,0.994789514431202,0.0454552095825012,0.741446883052632,-0.0374027655585787,-0.66996832219151
-0.664248831581666,0.0948522060898016,-0.741469182597827,0.0911388497867417,0.994793099333351,0.0456113974604432,0.741934767888621,-0.0372793309843751,-0.669434874860442
-0.663530624549281,0.0948431552690155,-0.742113122228585,0.0910727622377081,0.994794755023409,0.0457071915163155,0.742585255888935,-0.0372581706009927,-0.66871441322872
-0.662915580603286,0.0948681995497926,-0.742659382023542,0.0910673709584461,0.994791580817594,0.0457869488080416,0.743135026048514,-0.0372791556853723,-0.668102235897517
-0.66236672921484,0.0949096474365642,-0.743143643485364,0.0910853380414145,0.994786424229371,0.0458631809060767,0.743622066121706,-0.0373112448520463,-0.667558307404286
-0.661912560112668,0.0949950319705219,-0.743537293392882,0.0912039301209957,0.994773787127449,0.045901585752539,0.74401183182499,-0.0374306872102645,-0.667117184428185
-0.661491844484289,0.0951028504682993,-0.743897834056248,0.0913574775139497,0.994758083314313,0.0459365538881978,0.74436708080292,-0.0375739738867135,-0.666712715870411
-0.661033711106127,0.0952247194602555,-0.744289382958657,0.0915662699133304,0.994738562058131,0.0459435672176296,0.74474831385873,-0.037781555794295,-0.666275095622178
-0.660500690420349,0.0953143080165899,-0.744750978946359,0.0917413914091726,0.994722456640844,0.0459429141077598,0.745199540429643,-0.0379791645737842,-0.665759136626548
-0.659904126321274,0.0954027943662567,-0.74526830798798,0.0919043599998621,0.994706796546179,0.0459562565691986,0.745707806501429,-0.0381666835335221,-0.665179052279069
-0.659395550792846,0.0955383258290509,-0.745700969486015,0.0921114175268631,0.99468620795367,0.0459873294282313,0.746132022068342,-0.0383637329326923,-0.664691830579914
-0.658992148010661,0.095672790963189,-0.746040257579716,0.0923385809850569,0.994664924379029,0.0459921153212917,0.746460270424328,-0.0385798558755053,-0.664310664823818
-0.656376689776914,0.0963343235120462,-0.748257535365316,0.0936084835248376,0.994549129051716,0.04592909442448,0.748603428344862,-0.0398964662087883,-0.661816575082832
-0.65468863758385,0.0963833249920366,-0.749728645899356,0.09386538239683,0.994526834025914,0.0458875406825149,0.75004805033151,-0.0403315145496914,-0.66015247566606
-0.654137412198267,0.0962418828458633,-0.750227796038535,0.0937726093816576,0.994538659021368,0.0458208843403805,0.750540434415301,-0.0403776633581308,-0.659589797229633
-0.65362166312856,0.0959294130718755,-0.750717169909375,0.0933727372769499,0.994577491553704,0.0457945982420634,0.751039448645985,-0.0401641756099616,-0.659034586023456
-0.653224456749856,0.0955755549854553,-0.75110792992291,0.0929111778052999,0.994622367211398,0.0457587115380978,0.75144216154185,-0.0398956129419909,-0.658591692876015
-0.652922148922058,0.0951959791413594,-0.75141891977932,0.0924265174354645,0.994670133589125,0.0457019060931062,0.751764595017452,-0.0396112471541761,-0.658240793917497
-0.652736488143392,0.0947883697353374,-0.751631719666718,0.0919114815676987,0.994721336397293,0.0456261161180186,0.751988933829655,-0.0393017541453471,-0.658003051299032
-0.652624344231515,0.0942260017371982,-0.751799791109979,0.0912008883087098,0.994792000139988,0.0455112560712753,0.752172761596755,-0.0388630551308639,-0.657818971798327
-0.653043699673876,0.0929822352732657,-0.751590467102826,0.0898907101032845,0.994935272251414,0.0449829330650166,0.75196647967405,-0.0381851797637715,-0.658094450282803
-0.653234043820602,0.0924270487816898,-0.751493529344924,0.0894050658828424,0.994993566105275,0.0446602463449543,0.751859041435473,-0.0380137351836739,-0.658227117148114
-0.65290535735352,0.0920930652738701,-0.751820099270786,0.0891622586422029,0.995024652201475,0.0444525943579869,0.752173308468795,-0.0380106411389959,-0.657868151826268
-0.65254417083546,0.0919430530042474,-0.752151966103208,0.089073113043414,0.995036938612704,0.0443561870432258,0.752497232979244,-0.0380521458069927,-0.657495208011485
-0.651594166050912,0.0920922881588457,-0.752956873419776,0.0893605354828785,0.995010710726274,0.0443664314342328,0.753285959955865,-0.0383757215132613,-0.65657259045113
-0.651989163443469,0.0919808434546385,-0.752628497460506,0.0891874688893176,0.995027260532768,0.0443435022271754,0.752964624763609,-0.038213547781223,-0.65695052981223
-0.651322814051462,0.0922363176299753,-0.753173986278168,0.0895587011772729,0.994991290857258,0.0444023666221557,0.753497067638305,-0.0385330095926947,-0.656321092326161
-0.650944337676311,0.0924083092710806,-0.7534800419552,0.0898196428418413,0.994966625777016,0.0444279793560759,0.753793009391115,-0.0387571666606339,-0.6559679725608
-0.650482729699975,0.0925563947714342,-0.753860419539973,0.0900764404466621,0.994943250498658,0.0444315559442225,0.754160760871665,-0.039003103390373,-0.65553055206252
-0.649808658269147,0.0926958156966434,-0.754424411979614,0.0904270275326133,0.994914765017457,0.0443572208538196,0.754699715337211,-0.0393966509057874,-0.654886435626316
-0.648009691169725,0.0929697892330332,-0.755936543924213,0.0912769714349071,0.994848251262197,0.044107498752698,0.756142813650827,-0.0404175116813678,-0.653157308857291
-0.648978439611136,0.0928053197838371,-0.75512525950316,0.0908133976433001,0.994885499138332,0.044224093125256,0.755367401817403,-0.0398750075121145,-0.654087205231484
-0.647075839954281,0.0931995333882543,-0.756707806437646,0.0917884802369938,0.994804424740966,0.0440344343846741,0.756880262817868,-0.0409634409200061,-0.652268552258001
-0.646396974475258,0.0934185368621697,-0.757260806036972,0.0922113125370961,0.994766549163283,0.0440066643357546,0.757408757032436,-0.0413822381741885,-0.651628333587694
-0.64569819481573,0.0937589102999141,-0.757814692356304,0.0928184018276464,0.994711169118602,0.0439822045021137,0.757930462175699,-0.0419399185749906,-0.650985758474065
-0.644988899029347,0.094093664453407,-0.758377018664622,0.0935031261729459,0.994651301015577,0.0438857013605426,0.758450054733202,-0.0426048318591937,-0.650337099339606
-0.644398248757494,0.0942082242122084,-0.758864749141148,0.0940551121958746,0.994611525173561,0.043606763944877,0.758883741338617,-0.0432749868019048,-0.649786690113916
-0.643685705038708,0.0943203052634195,-0.759455326628128,0.0947730673462865,0.994561419660522,0.0431931502512029,0.759398958936999,-0.0441730974447352,-0.649123993261334
-0.642889198094118,0.094488205783066,-0.760108846114686,0.0957171390124958,0.994493671012722,0.0426681100460532,0.759955069904244,-0.0453245770364883,-0.648393379395024
-0.641937755834685,0.0948590254600817,-0.760866402808464,0.097155726603592,0.994382502843783,0.04200241452896,0.760576546063614,-0.0469595924907588,-0.647547769860298
-0.641108724046384,0.0953219114127566,-0.761507279778884,0.0986659212356053,0.994259456399215,0.0413904499548755,0.761081230840931,-0.0485990387287275,-0.646833435666631
-0.640777425970729,0.0959744464355471,-0.761704139412224,0.099982706287151,0.994137829191437,0.0411513670979975,0.761188379318697,-0.0497883741643282,-0.646616864138455
-0.640781823644182,0.096689384707413,-0.76161001659126,0.101122927809264,0.994023985921199,0.0411153120456895,0.761034038633305,-0.0506702900942336,-0.646730016114334
-0.640831963058242,0.0975266481574996,-0.761461061395843,0.102169593223131,0.993908709638246,0.0413140548222578,0.760852002260321,-0.0513228000444236,-0.646892727468829
-0.64019668761899,0.0992751825581191,-0.761769413464289,0.104527793249074,0.993649516048828,0.0416482856118793,0.761066450186942,-0.0529629812603285,-0.646508144585871
-0.639882179827203,0.0998223658483934,-0.761962132402928,0.105388181171122,0.993558141099901,0.0416599510747554,0.76121227473618,-0.0536443429500049,-0.646280246689029
-0.639814953252157,0.100166959478579,-0.761973362935843,0.106006905736585,0.993495241317592,0.0415901600796904,0.761182869966932,-0.0541644321313913,-0.646271500811221
-0.639815120110172,0.100277277244216,-0.761958712626146,0.106287642040397,0.993469199837715,0.0414956157118262,0.761143579903227,-0.0544372725464617,-0.646294850768443
-0.639375904396181,0.100350123693602,-0.762317719558089,0.106527973374342,0.993446294414285,0.0414276598817872,0.761478984454805,-0.0547203142279378,-0.645875718265112
-0.638914839981762,0.100380967608843,-0.762700130190753,0.106653995098956,0.99343374921084,0.0414042420329757,0.761848247737376,-0.0548912312742732,-0.645425596136908
-0.638412253027688,0.100373807745734,-0.763121808037704,0.106711820231602,0.993428001577413,0.0413931528729901,0.762261361087501,-0.0550082212085692,-0.644927680435954
-0.637967847562399,0.100384876387659,-0.763491913558509,0.106728096975408,0.993424485967286,0.0414355402600387,0.762631063354101,-0.0550514965579301,-0.644486767850299
-0.637589202406849,0.100386041176048,-0.763807994008441,0.106691350437875,0.993425590526751,0.041503636326452,0.762952793242112,-0.0550294359736387,-0.644107752212689
-0.637120532304633,0.100352960592627,-0.764203317590388,0.106645708787337,0.993428842858011,0.0415430737312403,0.763350587943121,-0.0550310592128432,-0.64363612577978
-0.636345106713318,0.100234749413543,-0.764864628657922,0.106660651703406,0.993431142808008,0.041449606480408,0.763995033059915,-0.0552047054985373,-0.642856150278271
-0.635390596174453,0.100072820124629,-0.765678928118945,0.106724875194676,0.993431509073405,0.0412751474233379,0.764780093430624,-0.0554911475141844,-0.641897298046817
-0.633225941479184,0.100305902966196,-0.767439660734274,0.107677714565608,0.993340691333736,0.0409851281142649,0.766440093434398,-0.0566833023980717,-0.639809804868228
-0.632573636788529,0.100645828148236,-0.767932947148702,0.107724729062399,0.993316385414443,0.0414480544250238,0.766971953065148,-0.056506422144237,-0.639187802971779
-0.631742357704531,0.100842906557289,-0.768591114754132,0.107978985828332,0.993283661720329,0.0415704940906471,0.767621086279817,-0.0567298471400504,-0.638388277102627
-0.631267509083811,0.100825179902976,-0.768983494668548,0.107974993439179,0.993283017240235,0.0415962552875254,0.76801219571497,-0.0567726233291028,-0.637913894247023
-0.630354166583148,0.100745575796846,-0.769742784070515,0.108078991492569,0.993275961387378,0.0414945313014672,0.768747394317024,-0.0570367731147285,-0.637004121056877
-0.629912269404036,0.100744769301466,-0.77010455414356,0.108232623435509,0.99326281740298,0.0414086318170629,0.769087922202998,-0.0572666309737879,-0.636572306103861
-0.629522869781735,0.100754972395735,-0.770421567688304,0.108396130132914,0.993248512635494,0.0413239775383186,0.769383672424869,-0.0574963275776265,-0.636194103180082
-0.629163075858283,0.100865779053191,-0.770700926814375,0.108678730766673,0.993219959712771,0.0412679670822991,0.769638069130867,-0.0577945174229674,-0.63585928970202
-0.628764335220239,0.101023308004058,-0.771005643296447,0.109014866626328,0.99318461414989,0.0412320393671969,0.769916339357397,-0.0581258415496179,-0.635492106115139
-0.628276517629138,0.101234777740225,-0.771375483906308,0.109413452371511,0.993141152613326,0.041223141874689,0.770257952789811,-0.0584993227461729,-0.63504371141071
-0.627129039166883,0.101773134857729,-0.772237914929623,0.110259113920884,0.99304308256325,0.0413323598486591,0.771072043346796,-0.0592255451178616,-0.633987569889575
-0.627673958207179,0.101506977016387,-0.771830121079456,0.109854936679917,0.99309051741168,0.041268839504564,0.770686249439799,-0.0588859732363899,-0.63448809845451
-0.626506062230392,0.102078999770181,-0.772703068322165,0.110684871547311,0.992991339156563,0.0414374175186036,0.77151734471697,-0.0595657465828747,-0.633413694701102
-0.625842781411177,0.102340333917093,-0.773205838706136,0.111041556096258,0.992946959462907,0.0415464621007582,0.77200426538669,-0.0598564261137089,-0.632792716833602
-0.625005734559517,0.102574767190393,-0.773851567746396,0.111341752641243,0.992907534691258,0.0416850293523345,0.772638884529179,-0.0601086074465668,-0.631993757425135
-0.624248430249999,0.102762006974444,-0.774437774939341,0.111587880188733,0.992875082248396,0.0417997134586506,0.773215391935131,-0.0603244641320974,-0.631267706050118
-0.623478604704591,0.102870750436135,-0.775043249232147,0.111751889499794,0.992853153040414,0.0418823553651699,0.773812603069272,-0.0604997950609343,-0.63051869926969
-0.622521535214499,0.102944000201882,-0.775802469070973,0.111886975699142,0.992834571210557,0.0419621124116577,0.774563259432748,-0.0606798733649299,-0.629578994332986
-0.621539254236204,0.102988742695536,-0.776583720098159,0.112007125162285,0.992818561027329,0.0420203378437592,0.775334353267275,-0.0608656204898636,-0.628611181006193
-0.620552653571447,0.103032846820274,-0.777366475107813,0.112095693369653,0.992805019972495,0.0421040122243713,0.776111435087393,-0.0610116775176953,-0.627637328027153
-0.61968731707717,0.103080186789035,-0.778050193846924,0.112136253889226,0.992795576083806,0.0422185346988171,0.776796684865088,-0.0610853435773407,-0.626781852946181
-0.619069011961247,0.103078954486238,-0.778542412185329,0.112087539712938,0.992796832604507,0.0423182302507915,0.777296559795826,-0.0610669985547234,-0.626163620643272
-0.618047152565364,0.103034774321713,-0.779359706737729,0.111978594218803,0.992803424038509,0.0424518038979948,0.778124997441045,-0.0610343878308502,-0.625137018468341
-0.616709750869746,0.102945578809214,-0.780430196100723,0.111881463487414,0.992810186098681,0.0425496475498514,0.779199346322936,-0.0610748899494537,-0.623793424546597
-0.615509004464364,0.102823292377809,-0.781393649812868,0.111727975267334,0.992823748109626,0.0426364249464674,0.780170189744488,-0.0610604269076243,-0.622580195075228
-0.614510683059304,0.102665947540085,-0.782199669919187,0.111500860055221,0.992845829822282,0.0427166994447147,0.780989230791907,-0.0609660677770886,-0.621561710505775
-0.613519439121434,0.102380431092046,-0.783014779649483,0.111192844669656,0.992881206379636,0.0426973220751462,0.781812029271993,-0.0608700036760787,-0.620535892223877
-0.612734934794319,0.102159103686596,-0.783657716874245,0.110985188739625,0.992906095778482,0.0426587956506297,0.782456508416303,-0.0608358652431586,-0.619726399257837
-0.611806168363961,0.101989137566143,-0.784405142876003,0.110938052617704,0.992915073828662,0.0425723460149354,0.783189607204539,-0.0609743551203131,-0.61878604313968
-0.610654829391696,0.101784549721381,-0.785328329285665,0.110835468371017,0.992929291845852,0.0425078856857396,0.784102147868233,-0.0610845875201777,-0.617618405551449
-0.609435516899323,0.10153236090483,-0.786307529170838,0.110580369749837,0.992957654518485,0.042509741932169,0.785086194355528,-0.0610432307651035,-0.616371147451041
-0.608324260561324,0.101244000584281,-0.787204704227692,0.110081314108743,0.993007275205447,0.042645699351113,0.786017619584072,-0.060714114790082,-0.615215489051313
-0.607262112786321,0.1007567226085,-0.788086803101973,0.109463449565014,0.993076792693065,0.042617332433923,0.786924697530597,-0.0603868086890648,-0.614087089713445
-0.60667446304858,0.100414464947883,-0.78858292595893,0.109180946133103,0.993114492962361,0.0424632178431308,0.787417053972161,-0.0603368800763103,-0.613460548052162
-0.605716369750062,0.0999155281228273,-0.789382395709927,0.109006660062025,0.993150655318462,0.0420633320438635,0.788178423631939,-0.0605694896828985,-0.612459067563396
-0.604079433379239,0.0995685618909384,-0.790679542957314,0.109420723717229,0.993130271540052,0.0414652742904216,0.789376426927873,-0.0614684084205247,-0.610824435805275
-0.602707648998745,0.099438305919042,-0.791742074892042,0.109846706255014,0.993098118932637,0.0411075090145629,0.79036522631207,-0.0621944490160397,-0.609470802867751
-0.601931526669572,0.0993944634915182,-0.792337792755383,0.1101449093238,0.993073672141441,0.0408996411911637,0.790914999321223,-0.0626531908744266,-0.608710145736016
-0.601076439978042,0.0994604695660391,-0.792978390813411,0.110728624796851,0.993020280790825,0.0406188821696135,0.791483597400428,-0.0633903536179897,-0.607894216220441
-0.600194710331501,0.0994905823477325,-0.79364219501876,0.111301517090071,0.992968984868425,0.0403059224285684,0.792072144431007,-0.0641421788956231,-0.607048184992746
-0.599050090267179,0.0994928505052212,-0.794506237891957,0.111990484816918,0.992907985799226,0.0398981584361503,0.792841169882944,-0.0650761433589156,-0.605943871083926
-0.597980068008451,0.0994924728789237,-0.795311942639519,0.11261662408306,0.992851884216343,0.0395301402500909,0.793559912196139,-0.0659271101178697,-0.604910143663307
-0.597065836113874,0.0995496924698812,-0.79599136055286,0.113159336777958,0.992799963800923,0.0392835382426137,0.794170858093908,-0.0666189958348082,-0.604031917656963
-0.596327683838698,0.0996605731302065,-0.796530642003767,0.113678713297741,0.992747690837261,0.0391046350226633,0.794651145868767,-0.0672294020547895,-0.603332216833157
-0.595525224065402,0.0997598478416153,-0.797118360258042,0.114283173368478,0.992688097140952,0.0388548334124055,0.795166060509805,-0.0679581823866203,-0.60257167346302
-0.594588129539772,0.0999407012292845,-0.797794968928857,0.115070221175407,0.992607717175294,0.0385845046967576,0.795753605338386,-0.0688605550504066,-0.60169296451688
-0.59333141005927,0.100420773662951,-0.798669835447673,0.116462600860825,0.992457618156744,0.0382666795446653,0.796488732147424,-0.0703103433328003,-0.600551542486249
-0.590517785354494,0.101038609518718,-0.80067468085768,0.118495734574595,0.99223411588397,0.0378182517256213,0.798277837640286,-0.0725441842085177,-0.597904536920293
-0.589203444255156,0.10108262147082,-0.801636828566682,0.118870766749511,0.992192209896981,0.0377406866939284,0.799192744017515,-0.0730542418777507,-0.596618836153723
-0.587745425177677,0.101107630024928,-0.802703284117771,0.119247411641442,0.992150219369856,0.0376563012145688,0.80020957879766,-0.0735879701791536,-0.595188575701334
-0.585764723715107,0.101221258420766,-0.804135526696017,0.119809911738414,0.992084391676714,0.0376051172139859,0.801576742115312,-0.0743156553840484,-0.593255349630024
-0.581884734428765,0.102117997340323,-0.806834599194883,0.121447592729964,0.991872102884354,0.0379501480875405,0.804152123704752,-0.0759055079620133,-0.58955722012555
-0.579830950436798,0.102749214487849,-0.80823181565544,0.122482542483748,0.991734937067332,0.0382078707437592,0.805477557541038,-0.0768401816902143,-0.587623596169809
-0.577900578776648,0.103415853017784,-0.809528308581126,0.12354811105034,0.991592366043786,0.0384765364810783,0.806701174726744,-0.0777800806652391,-0.585818635540216
-0.57561775327835,0.10435105477427,-0.811033328216715,0.124896805076707,0.991406274082297,0.0389151357686072,0.808124365548035,-0.0788952284853481,-0.583704165421003
-0.572293881753422,0.105925859999493,-0.813178593601042,0.126469086370923,0.991159531547104,0.0401042792707817,0.810237794169159,-0.0798905201303169,-0.580630882483185
-0.568888465003727,0.1075779285143,-0.815348332727967,0.127890496587451,0.990919214662881,0.0415106118301742,0.812409955175537,-0.0806603949188962,-0.577480705671808
-0.565692408279337,0.109399555255378,-0.817327251793949,0.129896586931015,0.990608175597457,0.04268863013909,0.814321174917364,-0.0820193864242129,-0.57459015335437
-0.562864900282655,0.111126348778359,-0.819044588918691,0.132460225006078,0.990241021504404,0.0433244517709591,0.81586603852663,-0.0841050173123189,-0.572091734988156
-0.559980460321552,0.112592936250021,-0.820819538488614,0.134862256432688,0.989896721142988,0.0437795986761534,0.817455843362776,-0.0861818552652473,-0.569507359017505
-0.555992243434084,0.113876626080924,-0.823349706548536,0.136826605447048,0.989596168753343,0.0444736194900265,0.819848220881751,-0.0879291579689654,-0.565789146145361
-0.552478403982295,0.115094155434525,-0.825542820523557,0.138786710821401,0.989297373957105,0.0450439205770619,0.821891636429373,-0.0896885793531661,-0.562538973495222
-0.549867157517041,0.116381195386589,-0.827104302034827,0.140854602942845,0.988983384546353,0.045517534215438,0.823289797042295,-0.0914728508992068,-0.560202309558277
-0.547775472377597,0.117657658801376,-0.828310755204156,0.142819846721609,0.988679713382652,0.0459882129247552,0.8243449055122,-0.0931080000374582,-0.558378345823965
-0.545709079265525,0.118925159282006,-0.829492861510527,0.144592699113623,0.988394189639581,0.046581941240725,0.825405689446232,-0.0945184234764125,-0.556571392952713
-0.542269388714775,0.119884842768421,-0.831607800911761,0.145734739778302,0.988186227274967,0.0474274798594351,0.827469211321276,-0.0954756759518235,-0.553334527764975
-0.539196498352301,0.120449575489749,-0.833522066851836,0.146474951730907,0.988047844039808,0.0480265177138311,0.829344454783443,-0.0961943743294157,-0.550394783466674
-0.534487393215538,0.12057288497291,-0.836531772201731,0.14738329261982,0.987903201488223,0.0482227077823297,0.832226766903228,-0.0975163775918124,-0.545792235700703
-0.529635201178228,0.120122287403494,-0.83967683649238,0.148046231662032,0.987818157421598,0.0479332990610049,0.835205882979502,-0.0989238289652817,-0.540966920522205
-0.526725581689484,0.119286252519341,-0.841623996541073,0.147925817416338,0.987860283851837,0.0474342927624883,0.837065179144124,-0.099513062198192,-0.537976799050252
-0.523741284810724,0.118504118400075,-0.843594594877797,0.147513088202208,0.987933344802888,0.0471974049670732,0.839008316641653,-0.0997220143639272,-0.534902387784295
-0.52042588797361,0.117789435353174,-0.845743781559203,0.146966987384117,0.988016113538192,0.0471684641272455,0.841164430861242,-0.0997487258468333,-0.53150032167988
-0.514077928217369,0.117427293332798,-0.849667414051093,0.146782752882848,0.988016098154209,0.0477390117646493,0.845090946097443,-0.100174949806154,-0.525153570163494
-0.510212135222626,0.117065998989842,-0.852044088619879,0.14640010871011,0.98805597163648,0.0480874732457326,0.847496657952843,-0.100204534797591,-0.521256621986486
-0.506526610600684,0.11655388413996,-0.854310239225348,0.145834582965942,0.988127072813675,0.0483442073451322,0.849801781102236,-0.100100349972257,-0.517510244121698
-0.50168469154327,0.116107230881561,-0.857223180512607,0.145500133448293,0.988159450982283,0.0486889166127379,0.852726322707153,-0.100299603047117,-0.512638086949192
-0.497754009729216,0.115964762584166,-0.859530755492371,0.14542899574847,0.988149599289793,0.0490996600702327,0.855038802040047,-0.100561141909879,-0.508720064223638
-0.49300373499225,0.115395684112953,-0.862340508947478,0.145069713116279,0.988192443803759,0.0492998209481024,0.857847361492738,-0.100794494379693,-0.503922984475495
-0.4818972933106,0.112914344786245,-0.868921946691077,0.144776306224459,0.988292916880896,0.0481345156727748,0.864184482535945,-0.102603417021774,-0.492603003400849
-0.485041301542154,0.113478985004338,-0.867097143208694,0.144513301176534,0.988313333923015,0.0485042242803186,0.86246787857946,-0.101780518530612,-0.495772008554623
-0.478478317055766,0.112536008262584,-0.870858281784014,0.145323856486058,0.988226027095686,0.0478570382148291,0.865990460018759,-0.10365792885737,-0.489198893029715
-0.470984139317331,0.112521356025393,-0.874935931911428,0.146790673228638,0.98800015910688,0.0480435620854858,0.869842766690967,-0.105804678738633,-0.481849490185907
-0.474394719076661,0.112468656027625,-0.873098191455873,0.14615614942594,0.988102666746085,0.047869614101831,0.868094482471326,-0.104899577599796,-0.485188672706016
-0.467792727702723,0.112444236229264,-0.876656293907289,0.147070667837595,0.987948909155216,0.0482407665861757,0.871516025423658,-0.106363746821158,-0.478692563961374
-0.46258782463639,0.111216694331698,-0.879569980956662,0.147713542616705,0.987901911063028,0.0472284177761719,0.874181453604339,-0.108077106826318,-0.473419607910633
-0.464612779471451,0.111706533649587,-0.878439875854806,0.147394483470474,0.987928276526482,0.0476716549103124,0.873160827908745,-0.107328331671602,-0.475469029302967
-0.459459791206045,0.110758847263279,-0.881265668239611,0.148253727581109,0.987838582726255,0.0468590091198115,0.875738278553132,-0.109121089759469,-0.470292520934048
-0.455870544084137,0.1105680862625,-0.883151598162332,0.148267169831054,0.98782323269683,0.0471392330726155,0.877609761446807,-0.109453000162779,-0.466713131772231
-0.452162946476576,0.109891658361361,-0.885139815654121,0.147514946063066,0.987928313505733,0.0472968081558293,0.879652209979394,-0.109185488029813,-0.462915239198343
-0.447479331925117,0.108634715844271,-0.887671530473568,0.1461520304973,0.988132934884975,0.0472534334955924,0.882270837941144,-0.108590061741582,-0.458046249858671
-0.440774991231856,0.106551333266699,-0.89127112624815,0.143644550510249,0.988506125307539,0.0471368575340352,0.8860494626223,-0.107249492346417,-0.45101429708843
-0.434628962620481,0.104220588064761,-0.894558960535794,0.140751750076212,0.988936719355013,0.0468306519475047,0.889542921787323,-0.105556781566985,-0.444489770594658
-0.428849585665153,0.101556202468611,-0.89764935838833,0.137315958347262,0.989442785645207,0.0463389848596758,0.892878693024982,-0.103389127449682,-0.438267415931408
-0.423200067382911,0.0977990263477357,-0.900742501169193,0.133050537421957,0.990087689626074,0.0449880133216817,0.896213845830797,-0.1008053435902,-0.432017389979656
-0.417253343443984,0.0923241406666125,-0.904088436180327,0.128215784740276,0.990856097397299,0.0420107937800554,0.899700150010131,-0.0983892641540055,-0.425275431656922
-0.414194891255265,0.0893901653186938,-0.905788049381496,0.125564703176428,0.991262185944066,0.0404077224501276,0.901485494821883,-0.0969983353552394,-0.421799982887692
-0.41039276163143,0.0856010354733083,-0.907882285280656,0.1217248960661,0.991817256167772,0.0384912983092163,0.903748212102368,-0.0947153266041429,-0.417454399938538
-0.405486312978727,0.0813897996972529,-0.910470510501114,0.116531132865031,0.992504118953087,0.0368248412671391,0.906642898312291,-0.0911661909174585,-0.411931281372866
-0.4003356368236,0.0787010276566112,-0.912982763328441,0.112331298984965,0.993005981168173,0.0363428209222301,0.909457562043108,-0.0880072133976995,-0.406376270508723
-0.394507103390419,0.0758623939680866,-0.91575599509691,0.107651045733041,0.993539271158698,0.0359300573061858,0.91256528409045,-0.0844074276759689,-0.400124966011922
-0.384256951932834,0.069623764418139,-0.920597157457884,0.0989958278768472,0.994510480513454,0.0338929227402502,0.917903274291069,-0.0781116865593519,-0.389040028105834
-0.364420313896365,0.0579251516264332,-0.929431283973554,0.0868449515498752,0.995827932312035,0.0280122047942953,0.927176244955604,-0.0705081983615553,-0.367930434666436
-0.388887061307233,0.0729992426200177,-0.91838878702036,0.103082152202507,0.994044020954481,0.0353631772037918,0.915500367801742,-0.0809172106634388,-0.394095777157438
-0.379170515656369,0.065911117502474,-0.92297640524905,0.0949002388200422,0.994970206513025,0.0320660696582448,0.920447535022384,-0.0754321731160091,-0.383518347058148
-0.373369555388295,0.0624763475993767,-0.925576512828512,0.0910045683521346,0.995383979520323,0.0304778912217805,0.923208180015856,-0.0728521743321836,-0.377331706919634
-0.358250354991899,0.0548387713070276,-0.932013622384198,0.0848927318419723,0.996051456953761,0.0259753571813357,0.929757983148618,-0.069815501586872,-0.361491201150994
-0.353568857147743,0.0526978224952748,-0.933922910501448,0.0834379236889316,0.996208697186149,0.0246240642696521,0.931679760510938,-0.0692182862756112,-0.356625367436683
-0.348718824363345,0.0502446854184553,-0.935879614652358,0.0816983297369776,0.996390487595038,0.0230516625932065,0.933659769109087,-0.0684212526728604,-0.35156502631781
-0.338054212102733,0.0456506753587218,-0.940018811257994,0.0796153539726209,0.996629626502554,0.0197682318176051,0.937753029902551,-0.0681571963674629,-0.340549337823336
-0.343085152984697,0.0475572711521227,-0.938099612920734,0.0802905313000322,0.99654696246954,0.0211561380287777,0.935866447942774,-0.0680621594815917,-0.34571886564328
-0.333355303106084,0.0442498299125262,-0.94176228128109,0.0793871269327899,0.99666790288947,0.01872899963326,0.939452992953032,-0.0685203904149566,-0.335757397727844
-0.327807778211014,0.0423958011064276,-0.943792697891281,0.0789864818004712,0.996724881518923,0.017339153781916,0.941436772299204,-0.0688629552780982,-0.330082864070864
-0.32357761648945,0.0409683771904502,-0.945314295976416,0.078769749531984,0.996760622705561,0.0162353805711849,0.942917203504993,-0.069208764575043,-0.325756495315629
-0.31558388554407,0.0380322100950438,-0.948135202479158,0.077529756560283,0.996889160672851,0.0141823192983886,0.945725091151023,-0.0690329800042316,-0.317550782772023
-0.31276373764656,0.0367887723638772,-0.949118238493662,0.0768209238313325,0.996955819646363,0.0133281407161032,0.9467192773336,-0.0687435808000024,-0.3146377759007
-0.319541210641366,0.0395237629532231,-0.94674774193756,0.0782926608902105,0.996814703950539,0.0151889841243319,0.94433239590336,-0.0692698935325884,-0.321617797855471
-0.309958818061279,0.0354665162411656,-0.950088236603196,0.0759814006814418,0.997031748591933,0.0124305691824556,0.947709004840907,-0.068336070456449,-0.31173357794442
-0.307316021614259,0.0344843636236154,-0.950982487496304,0.0751407269716434,0.99710223461337,0.0118745475365467,0.948636249575862,-0.0678082767403732,-0.309016672035901
-0.304541273305524,0.0335751825157779,-0.951907201345006,0.0742913911439687,0.997171370022476,0.0114038594077783,0.949597494760461,-0.0672455643632404,-0.306174185747469
-0.302439843716701,0.0329108879326687,-0.952600133523033,0.0737815373265673,0.997213458179828,0.0110274010880415,0.950308594974467,-0.066949176847154,-0.304025298350553
-0.300328972386816,0.0324774951276932,-0.95328260272351,0.0742901083878039,0.997180672419705,0.0105681762056122,0.950938214681063,-0.067645538380703,-0.301895003265005
-0.301123906198971,0.0325587317330115,-0.953029024795893,0.0739604294408476,0.997203783955668,0.0106989785224626,0.950712494917575,-0.0672647177384736,-0.302689956482148
-0.300309682078764,0.0329326883681856,-0.953273063128606,0.0744316972557086,0.997165434893345,0.0110008134972442,0.950933234929448,-0.0676500812328452,-0.30190967062319
-0.300565974144156,0.0339654442012087,-0.953156043776143,0.0749007063878115,0.997119833798882,0.0119130696085091,0.950815428655521,-0.0678113976047162,-0.302244329947666
